#, train_loss, test_loss, test_acc_all, test_acc_C, test_acc_A, test_acc_F
1, 0.06282714, 0.03903007, 0.41175227, 0.58782498, 0.40710209, 0.24032974
2, 0.02465725, 0.03334655, 0.41238639, 0.59733672, 0.40012682, 0.23969562
3, 0.01971082, 0.03093973, 0.41386599, 0.59480025, 0.40837032, 0.23842739
4, 0.01560960, 0.02667286, 0.41175227, 0.59543437, 0.40519975, 0.23462270
5, 0.01312899, 0.02234761, 0.40773621, 0.58275206, 0.39759036, 0.24286620
6, 0.01227682, 0.02128918, 0.41280913, 0.59543437, 0.40139505, 0.24159797
7, 0.01161893, 0.02033875, 0.40837032, 0.59543437, 0.38744451, 0.24223209
8, 0.01082915, 0.01987326, 0.41090679, 0.59670260, 0.39188332, 0.24413443
9, 0.01068613, 0.02036905, 0.40900444, 0.59543437, 0.39061509, 0.24096386
10, 0.01011840, 0.02043915, 0.41027267, 0.58782498, 0.40076094, 0.24223209
11, 0.01024339, 0.01938980, 0.41428873, 0.60684845, 0.39568802, 0.24032974
12, 0.01036623, 0.01810905, 0.41957303, 0.60494610, 0.40583386, 0.24793912
13, 0.01004543, 0.01816419, 0.41428873, 0.59289791, 0.41090679, 0.23906151
14, 0.00955005, 0.01752723, 0.40456563, 0.59416614, 0.38871275, 0.23081801
15, 0.01004744, 0.01754078, 0.41471148, 0.60684845, 0.40076094, 0.23652505
16, 0.00956170, 0.01850260, 0.41111816, 0.60367787, 0.38871275, 0.24096386
17, 0.00941749, 0.01807960, 0.41090679, 0.58592264, 0.39632213, 0.25047559
18, 0.00945231, 0.01608892, 0.41006130, 0.59226379, 0.40329740, 0.23462270
19, 0.00954257, 0.01826907, 0.40794758, 0.56880152, 0.40393152, 0.25110970
20, 0.00936927, 0.01861410, 0.41069541, 0.56753329, 0.42232086, 0.24223209
21, 0.00904307, 0.01782145, 0.41154090, 0.56055802, 0.40012682, 0.27393786
22, 0.00920918, 0.01523614, 0.40773621, 0.55865568, 0.40329740, 0.26125555
23, 0.00939239, 0.01838584, 0.40984993, 0.56182625, 0.41534559, 0.25237793
24, 0.00887072, 0.01631488, 0.41154090, 0.57006975, 0.41027267, 0.25428028
25, 0.00933453, 0.01683525, 0.41365462, 0.57894737, 0.41090679, 0.25110970
26, 0.00877524, 0.01847218, 0.41428873, 0.56880152, 0.40266328, 0.27140140
27, 0.00878959, 0.01660272, 0.41893891, 0.58338618, 0.40646798, 0.26696259
28, 0.00918475, 0.01695677, 0.41640245, 0.57450856, 0.40519975, 0.26949905
29, 0.00878539, 0.01690906, 0.40773621, 0.56689918, 0.39505390, 0.26125555
30, 0.00921355, 0.01859877, 0.40583386, 0.56182625, 0.39759036, 0.25808497
31, 0.00900744, 0.01634379, 0.41471148, 0.56499683, 0.40963855, 0.26949905
32, 0.00953427, 0.01719486, 0.41069541, 0.56753329, 0.41534559, 0.24920736
33, 0.00914474, 0.01724979, 0.41090679, 0.56119214, 0.41407736, 0.25745086
34, 0.00889237, 0.01633580, 0.41111816, 0.56499683, 0.40202917, 0.26632847
35, 0.00833387, 0.01209333, 0.41957303, 0.56753329, 0.41344325, 0.27774255
36, 0.00894291, 0.01486391, 0.41767068, 0.56499683, 0.41915029, 0.26886493
37, 0.00837190, 0.01457435, 0.41936166, 0.57006975, 0.42041852, 0.26759670
38, 0.00868170, 0.02035654, 0.40625661, 0.56689918, 0.39188332, 0.25998732
39, 0.00847217, 0.01594462, 0.41132953, 0.57070387, 0.39251744, 0.27076728
40, 0.00836098, 0.01879228, 0.41872754, 0.56182625, 0.40202917, 0.29232720
41, 0.00861041, 0.01328326, 0.41302050, 0.56753329, 0.39949271, 0.27203551
42, 0.00835352, 0.01516213, 0.40900444, 0.55548510, 0.40139505, 0.27013316
43, 0.00845059, 0.01370432, 0.41027267, 0.55548510, 0.40519975, 0.27013316
44, 0.00854089, 0.01592348, 0.41893891, 0.57260621, 0.40139505, 0.28281547
45, 0.00831245, 0.01642122, 0.41619108, 0.56943564, 0.40076094, 0.27837666
46, 0.00856399, 0.01492588, 0.42718241, 0.56816741, 0.42802790, 0.28535193
47, 0.00852004, 0.01420751, 0.42210949, 0.56880152, 0.42422321, 0.27330374
48, 0.00834184, 0.01903448, 0.42528007, 0.56753329, 0.43183259, 0.27647432
49, 0.00802039, 0.01412660, 0.42358909, 0.57260621, 0.42105263, 0.27710843
50, 0.00835610, 0.01679473, 0.42506870, 0.57894737, 0.41280913, 0.28344959
51, 0.00808870, 0.01444246, 0.43584866, 0.58275206, 0.42358909, 0.30120482
52, 0.00862535, 0.01581096, 0.43310082, 0.58211795, 0.42866202, 0.28852251
53, 0.00794249, 0.01356540, 0.43140985, 0.57577679, 0.42802790, 0.29042486
54, 0.00795082, 0.01421657, 0.43246671, 0.58528852, 0.42358909, 0.28852251
55, 0.00782120, 0.01349750, 0.43056436, 0.57514268, 0.41407736, 0.30247305
56, 0.00770230, 0.01488636, 0.43669415, 0.56563094, 0.44324667, 0.30120482
57, 0.00818814, 0.01387422, 0.43077573, 0.57260621, 0.43183259, 0.28788840
58, 0.00779990, 0.01416251, 0.43817375, 0.57894737, 0.43944198, 0.29613190
59, 0.00746654, 0.01522305, 0.42929613, 0.57324033, 0.42422321, 0.29042486
60, 0.00769828, 0.01444871, 0.43648277, 0.57577679, 0.43880786, 0.29486367
61, 0.00808248, 0.01461922, 0.43627140, 0.56626506, 0.44007609, 0.30247305
62, 0.00783999, 0.01518638, 0.43479180, 0.56436271, 0.44197844, 0.29803424
63, 0.00765325, 0.01465070, 0.43436906, 0.55675333, 0.43753963, 0.30881420
64, 0.00771225, 0.01212497, 0.43140985, 0.55611921, 0.44007609, 0.29803424
65, 0.00768458, 0.01474371, 0.43500317, 0.55865568, 0.45402663, 0.29232720
66, 0.00751105, 0.01390178, 0.43521454, 0.56563094, 0.44578313, 0.29422955
67, 0.00741674, 0.01245151, 0.43373494, 0.55928979, 0.45212429, 0.28979074
68, 0.00733373, 0.01217613, 0.43648277, 0.56119214, 0.45402663, 0.29422955
69, 0.00761127, 0.01196481, 0.43500317, 0.56563094, 0.44388079, 0.29549778
70, 0.00735530, 0.01083913, 0.44049884, 0.56943564, 0.44958782, 0.30247305
71, 0.00779153, 0.01162435, 0.43415768, 0.57133798, 0.44514902, 0.28598605
72, 0.00741691, 0.01358824, 0.42549144, 0.55485098, 0.44324667, 0.27837666
73, 0.00724238, 0.01171791, 0.43415768, 0.56499683, 0.45212429, 0.28535193
74, 0.00734879, 0.01474159, 0.43711689, 0.56499683, 0.44641725, 0.29993659
75, 0.00805036, 0.01354933, 0.42337772, 0.54343691, 0.43627140, 0.29042486
76, 0.00756565, 0.01326221, 0.42887339, 0.56436271, 0.44071021, 0.28154724
77, 0.00707000, 0.01335174, 0.43056436, 0.55168041, 0.45339252, 0.28662016
78, 0.00718085, 0.01030286, 0.42612555, 0.55485098, 0.43183259, 0.29169309
79, 0.00712406, 0.01206922, 0.43606003, 0.56563094, 0.45022194, 0.29232720
80, 0.00723874, 0.01143293, 0.43436906, 0.56563094, 0.44071021, 0.29676601
81, 0.00723938, 0.01203756, 0.43204397, 0.55294864, 0.44514902, 0.29803424
82, 0.00723536, 0.01519254, 0.43500317, 0.56816741, 0.43817375, 0.29866836
83, 0.00695583, 0.01230222, 0.43796238, 0.55802156, 0.44641725, 0.30944832
84, 0.00692596, 0.01066303, 0.43394631, 0.55041218, 0.44705136, 0.30437540
85, 0.00721283, 0.01243756, 0.43965335, 0.55294864, 0.45275840, 0.31325301
86, 0.00694922, 0.01190800, 0.44366941, 0.55802156, 0.45592898, 0.31705770
87, 0.00715381, 0.01097047, 0.43775100, 0.55738744, 0.43817375, 0.31769182
88, 0.00690819, 0.01289356, 0.43711689, 0.55485098, 0.44705136, 0.30944832
89, 0.00832388, 0.01183119, 0.43859649, 0.54533925, 0.44578313, 0.32466709
90, 0.00751403, 0.01173105, 0.43267808, 0.54026633, 0.42739379, 0.33037413
91, 0.00719347, 0.01279262, 0.43077573, 0.55041218, 0.41344325, 0.32847178
92, 0.00719654, 0.01177879, 0.43944198, 0.55738744, 0.43056436, 0.33037413
93, 0.00700199, 0.01081393, 0.43267808, 0.54724160, 0.42358909, 0.32720355
94, 0.00701360, 0.01060421, 0.43923061, 0.55358275, 0.42232086, 0.34178821
95, 0.00687339, 0.01110912, 0.43331220, 0.54977806, 0.41280913, 0.33734940
96, 0.00676892, 0.00930680, 0.43479180, 0.54914394, 0.42105263, 0.33417882
97, 0.00685629, 0.01167887, 0.43225534, 0.54533925, 0.41407736, 0.33734940
98, 0.00658989, 0.00995924, 0.43246671, 0.54407102, 0.41661382, 0.33671528
99, 0.00724190, 0.01322790, 0.43796238, 0.54977806, 0.42929613, 0.33481294
100, 0.00716792, 0.01137434, 0.44028747, 0.54977806, 0.41724794, 0.35383640
101, 0.00722602, 0.01137077, 0.43901923, 0.54090044, 0.42358909, 0.35256817
102, 0.00708670, 0.01201873, 0.43627140, 0.53963221, 0.42802790, 0.34115409
103, 0.00656771, 0.01136294, 0.44071021, 0.54090044, 0.42739379, 0.35383640
104, 0.00648298, 0.01194569, 0.43394631, 0.53455929, 0.41344325, 0.35383640
105, 0.00692735, 0.01264715, 0.42908476, 0.51997464, 0.39885859, 0.36842105
106, 0.00730841, 0.01053270, 0.42781653, 0.51426760, 0.40837032, 0.36081167
107, 0.00663816, 0.01060125, 0.42929613, 0.52885225, 0.41027267, 0.34876347
108, 0.00646643, 0.01059768, 0.43352357, 0.52948637, 0.42232086, 0.34876347
109, 0.00645891, 0.01009761, 0.42528007, 0.52377933, 0.40710209, 0.34495878
110, 0.00646602, 0.01157196, 0.43119848, 0.52441344, 0.41661382, 0.35256817
111, 0.00642598, 0.01081473, 0.42760516, 0.52187698, 0.40710209, 0.35383640
112, 0.00630540, 0.01054420, 0.43119848, 0.53646164, 0.40900444, 0.34812936
113, 0.00621050, 0.01426989, 0.43563729, 0.52124287, 0.41915029, 0.36651871
114, 0.00615870, 0.01019331, 0.43753963, 0.53265694, 0.41407736, 0.36588459
115, 0.00628196, 0.01186469, 0.43415768, 0.52124287, 0.41154090, 0.36968928
116, 0.00620380, 0.00964312, 0.43901923, 0.52631579, 0.42041852, 0.37032340
117, 0.00617368, 0.01211451, 0.43859649, 0.52251110, 0.41471148, 0.37856690
118, 0.00582274, 0.01244761, 0.43648277, 0.52377933, 0.41978440, 0.36588459
119, 0.00614579, 0.01050269, 0.43796238, 0.52885225, 0.42168675, 0.36334813
120, 0.00601384, 0.01039288, 0.42950750, 0.52251110, 0.40773621, 0.35827521
121, 0.00596224, 0.01024411, 0.43225534, 0.53012048, 0.40837032, 0.35827521
122, 0.00624028, 0.01008282, 0.43373494, 0.53265694, 0.41788205, 0.35066582
123, 0.00631465, 0.01034216, 0.42950750, 0.53202283, 0.40519975, 0.35129994
124, 0.00628256, 0.00906140, 0.43310082, 0.53582752, 0.41978440, 0.34369055
125, 0.00627582, 0.01460880, 0.43500317, 0.52631579, 0.42866202, 0.35003171
126, 0.00606801, 0.00845575, 0.43648277, 0.53646164, 0.42168675, 0.35129994
127, 0.00597640, 0.01037006, 0.43838512, 0.53329106, 0.41724794, 0.36461636
128, 0.00608338, 0.01111468, 0.43183259, 0.54090044, 0.40837032, 0.34622701
129, 0.00583180, 0.01204755, 0.43288945, 0.54280279, 0.41597971, 0.33988586
130, 0.00601728, 0.01198131, 0.43035299, 0.53329106, 0.41217502, 0.34559290
131, 0.00635548, 0.01106413, 0.43204397, 0.54280279, 0.40646798, 0.34686113
132, 0.00595580, 0.01049201, 0.43817375, 0.53836398, 0.42358909, 0.35256817
133, 0.00625467, 0.01039962, 0.44113295, 0.53202283, 0.42549144, 0.36588459
134, 0.00596932, 0.01150751, 0.42485732, 0.50856056, 0.41280913, 0.35320228
135, 0.00618554, 0.00999289, 0.42612555, 0.51616994, 0.41090679, 0.35129994
136, 0.00600996, 0.01080166, 0.43880786, 0.52885225, 0.42612555, 0.36144578
137, 0.00565486, 0.00863951, 0.43500317, 0.51743817, 0.42612555, 0.36144578
138, 0.00612990, 0.01060115, 0.43183259, 0.53075460, 0.41280913, 0.35193405
139, 0.00626243, 0.00872745, 0.44049884, 0.54090044, 0.42358909, 0.35700698
140, 0.00605049, 0.01066356, 0.44240118, 0.53646164, 0.42739379, 0.36334813
141, 0.00569783, 0.01170876, 0.43965335, 0.53772987, 0.42485732, 0.35637286
142, 0.00572227, 0.01088643, 0.43711689, 0.54090044, 0.41534559, 0.35510463
143, 0.00584898, 0.01068151, 0.44176707, 0.54280279, 0.42929613, 0.35320228
144, 0.00545211, 0.00959920, 0.43648277, 0.53075460, 0.42358909, 0.35510463
145, 0.00576033, 0.00947238, 0.44071021, 0.54787571, 0.42041852, 0.35383640
146, 0.00545616, 0.00971755, 0.44007609, 0.54090044, 0.41978440, 0.35954344
147, 0.00545990, 0.00968661, 0.44409216, 0.53772987, 0.42866202, 0.36588459
148, 0.00543161, 0.01090356, 0.43606003, 0.53012048, 0.40773621, 0.37032340
149, 0.00551281, 0.01032605, 0.43521454, 0.52504756, 0.40139505, 0.37920101
150, 0.00553996, 0.01024112, 0.43880786, 0.53012048, 0.41217502, 0.37412809
151, 0.00567478, 0.00864470, 0.43246671, 0.51743817, 0.39949271, 0.38046925
152, 0.00534774, 0.01014881, 0.43162122, 0.52251110, 0.39568802, 0.37666455
153, 0.00533038, 0.00980432, 0.43606003, 0.52758402, 0.41280913, 0.36778694
154, 0.00521303, 0.00876321, 0.43056436, 0.52187698, 0.40012682, 0.36968928
155, 0.00514527, 0.01074135, 0.43775100, 0.52821814, 0.41344325, 0.37159163
156, 0.00527520, 0.00977828, 0.43732826, 0.52124287, 0.40963855, 0.38110336
157, 0.00551900, 0.01143398, 0.42887339, 0.52251110, 0.38807863, 0.37603044
158, 0.00535301, 0.00970446, 0.43183259, 0.51743817, 0.39124921, 0.38681040
159, 0.00528203, 0.00899048, 0.43352357, 0.52821814, 0.39822448, 0.37412809
160, 0.00530599, 0.00792281, 0.43753963, 0.52948637, 0.41280913, 0.37032340
161, 0.00533513, 0.01026201, 0.43584866, 0.52504756, 0.41534559, 0.36715282
162, 0.00539979, 0.00899433, 0.43775100, 0.52377933, 0.41090679, 0.37856690
163, 0.00518792, 0.00944852, 0.44071021, 0.52821814, 0.40329740, 0.39061509
164, 0.00545519, 0.00992936, 0.43690552, 0.52885225, 0.40837032, 0.37349398
165, 0.00546981, 0.00833019, 0.43965335, 0.52821814, 0.42485732, 0.36588459
166, 0.00559142, 0.00876689, 0.43859649, 0.52821814, 0.41915029, 0.36842105
167, 0.00540219, 0.00989161, 0.43373494, 0.52758402, 0.40076094, 0.37285986
168, 0.00546696, 0.00939454, 0.43479180, 0.52504756, 0.41280913, 0.36651871
169, 0.00553947, 0.01112297, 0.42549144, 0.50982879, 0.39885859, 0.36778694
170, 0.00529408, 0.00941945, 0.42802790, 0.51426760, 0.39315155, 0.37666455
171, 0.00532701, 0.00838199, 0.41767068, 0.51236525, 0.38871275, 0.35193405
172, 0.00529162, 0.00864364, 0.42274361, 0.52821814, 0.39441978, 0.34559290
173, 0.00551763, 0.00902431, 0.42147538, 0.52568167, 0.40012682, 0.33861763
174, 0.00561301, 0.00972524, 0.41915029, 0.50538998, 0.39568802, 0.35637286
175, 0.00540524, 0.01006855, 0.43394631, 0.52504756, 0.38871275, 0.38807863
176, 0.00534428, 0.01073159, 0.43225534, 0.52377933, 0.40076094, 0.37222575
177, 0.00564125, 0.00953581, 0.44599450, 0.53329106, 0.41915029, 0.38554217
178, 0.00536757, 0.01010845, 0.44092158, 0.52504756, 0.40710209, 0.39061509
179, 0.00579369, 0.00863621, 0.44218981, 0.52441344, 0.41280913, 0.38934686
180, 0.00538946, 0.00985319, 0.43394631, 0.52060875, 0.40266328, 0.37856690
181, 0.00507743, 0.01051787, 0.43288945, 0.51680406, 0.40076094, 0.38110336
182, 0.00513136, 0.00884774, 0.43310082, 0.51870640, 0.39251744, 0.38807863
183, 0.00516157, 0.00866053, 0.43331220, 0.51109702, 0.40519975, 0.38363982
184, 0.00498537, 0.00843189, 0.43436906, 0.50856056, 0.41407736, 0.38046925
185, 0.00515174, 0.00946670, 0.43331220, 0.51870640, 0.41154090, 0.36968928
186, 0.00519205, 0.00910384, 0.43352357, 0.53138871, 0.40329740, 0.36588459
187, 0.00515969, 0.00819359, 0.44028747, 0.51934052, 0.41217502, 0.38934686
188, 0.00504823, 0.00792509, 0.43817375, 0.52314521, 0.41915029, 0.37222575
189, 0.00505561, 0.00878087, 0.43521454, 0.52948637, 0.40646798, 0.36968928
190, 0.00522174, 0.00980969, 0.43500317, 0.52314521, 0.41027267, 0.37159163
191, 0.00506633, 0.00737601, 0.43056436, 0.51363348, 0.39568802, 0.38237159
192, 0.00552403, 0.01183428, 0.43183259, 0.50602410, 0.40519975, 0.38427394
193, 0.00528093, 0.00818402, 0.42739379, 0.50856056, 0.39949271, 0.37412809
194, 0.00523263, 0.00978447, 0.42084126, 0.50158529, 0.39315155, 0.36778694
195, 0.00512727, 0.00789591, 0.42612555, 0.50031706, 0.40329740, 0.37476221
196, 0.00494291, 0.00833099, 0.43077573, 0.50158529, 0.41027267, 0.38046925
197, 0.00522541, 0.00817335, 0.42971888, 0.50475587, 0.40456563, 0.37983513
198, 0.00479124, 0.00913429, 0.42993025, 0.50412175, 0.40202917, 0.38363982
199, 0.00515703, 0.00822567, 0.43098711, 0.50095117, 0.41154090, 0.38046925
200, 0.00527362, 0.00754530, 0.43140985, 0.50665821, 0.40710209, 0.38046925
201, 0.00508529, 0.00827995, 0.42802790, 0.50031706, 0.39885859, 0.38490805
202, 0.00502748, 0.00699443, 0.42337772, 0.50221940, 0.39378567, 0.37412809
203, 0.00484121, 0.00827028, 0.43098711, 0.50031706, 0.40583386, 0.38681040
204, 0.00479218, 0.00896455, 0.43584866, 0.50792644, 0.41154090, 0.38807863
205, 0.00501419, 0.00698149, 0.43288945, 0.51553583, 0.39378567, 0.38934686
206, 0.00513548, 0.00796542, 0.44007609, 0.51870640, 0.41344325, 0.38807863
207, 0.00498160, 0.00958351, 0.42887339, 0.51173114, 0.39949271, 0.37539632
208, 0.00490523, 0.00889980, 0.42971888, 0.51173114, 0.39505390, 0.38237159
209, 0.00515580, 0.00787948, 0.42845064, 0.51236525, 0.39759036, 0.37539632
210, 0.00520690, 0.00876700, 0.42654830, 0.50982879, 0.39251744, 0.37729867
211, 0.00507130, 0.00779329, 0.43204397, 0.50982879, 0.40139505, 0.38490805
212, 0.00502377, 0.01032384, 0.43669415, 0.51109702, 0.40646798, 0.39251744
213, 0.00493189, 0.00830360, 0.42823927, 0.50348763, 0.39885859, 0.38237159
214, 0.00497328, 0.00929555, 0.42802790, 0.50095117, 0.40266328, 0.38046925
215, 0.00490995, 0.00841108, 0.42866202, 0.50221940, 0.40012682, 0.38363982
216, 0.00487656, 0.00838480, 0.43288945, 0.49968294, 0.41090679, 0.38807863
217, 0.00498899, 0.00759886, 0.43056436, 0.49841471, 0.40646798, 0.38681040
218, 0.00492888, 0.00834124, 0.43204397, 0.50665821, 0.39188332, 0.39759036
219, 0.00483450, 0.00697869, 0.43225534, 0.50919467, 0.39822448, 0.38934686
220, 0.00476559, 0.00866616, 0.43373494, 0.51299937, 0.39759036, 0.39061509
221, 0.00494297, 0.00787478, 0.43627140, 0.51490171, 0.39695625, 0.39695625
222, 0.00488048, 0.00778536, 0.43098711, 0.50538998, 0.39505390, 0.39251744
223, 0.00502041, 0.00948535, 0.43183259, 0.50729233, 0.40012682, 0.38807863
224, 0.00487400, 0.00800989, 0.43014162, 0.50095117, 0.40012682, 0.38934686
225, 0.00493787, 0.00714407, 0.42232086, 0.50158529, 0.38617628, 0.37920101
226, 0.00485328, 0.00806341, 0.42823927, 0.49778060, 0.39695625, 0.38998098
227, 0.00483631, 0.00744438, 0.42802790, 0.49778060, 0.38998098, 0.39632213
228, 0.00478944, 0.00811415, 0.42760516, 0.49017121, 0.40583386, 0.38681040
229, 0.00479613, 0.00951865, 0.42570281, 0.49397590, 0.39124921, 0.39188332
230, 0.00497220, 0.00766931, 0.42358909, 0.49143944, 0.39885859, 0.38046925
231, 0.00491321, 0.00940539, 0.42739379, 0.49778060, 0.38300571, 0.40139505
232, 0.00512267, 0.00814785, 0.42612555, 0.49461002, 0.38427394, 0.39949271
233, 0.00483366, 0.00900245, 0.42337772, 0.48763475, 0.39251744, 0.38998098
234, 0.00469370, 0.00747238, 0.43077573, 0.49587825, 0.39759036, 0.39885859
235, 0.00474258, 0.00771222, 0.42485732, 0.48826886, 0.39505390, 0.39124921
236, 0.00503972, 0.00851934, 0.42380047, 0.48573240, 0.39441978, 0.39124921
237, 0.00498093, 0.00889752, 0.42485732, 0.49334179, 0.37856690, 0.40266328
238, 0.00505981, 0.00766130, 0.42316635, 0.49461002, 0.39061509, 0.38427394
239, 0.00464628, 0.00734421, 0.43098711, 0.49904883, 0.40266328, 0.39124921
240, 0.00482153, 0.00910390, 0.43204397, 0.49397590, 0.40012682, 0.40202917
241, 0.00499924, 0.00978011, 0.42485732, 0.48826886, 0.37412809, 0.41217502
242, 0.00477478, 0.00921455, 0.42908476, 0.49270767, 0.38110336, 0.41344325
243, 0.00475132, 0.00869981, 0.42506870, 0.49017121, 0.37793278, 0.40710209
244, 0.00486158, 0.00776661, 0.42781653, 0.50095117, 0.39061509, 0.39188332
245, 0.00477470, 0.00812525, 0.42549144, 0.50095117, 0.38300571, 0.39251744
246, 0.00493987, 0.00912682, 0.42253223, 0.49017121, 0.38807863, 0.38934686
247, 0.00475933, 0.00737959, 0.42950750, 0.49968294, 0.40646798, 0.38237159
248, 0.00503054, 0.00838556, 0.42485732, 0.48700063, 0.40393152, 0.38363982
249, 0.00466765, 0.00916690, 0.42591418, 0.49334179, 0.39632213, 0.38807863
250, 0.00472452, 0.01014171, 0.42020714, 0.48446417, 0.39251744, 0.38363982
251, 0.00472627, 0.00721270, 0.42232086, 0.49397590, 0.40012682, 0.37285986
252, 0.00471069, 0.00775455, 0.42781653, 0.49778060, 0.39061509, 0.39505390
253, 0.00461365, 0.00793995, 0.42781653, 0.49143944, 0.39188332, 0.40012682
254, 0.00456444, 0.00789212, 0.42675967, 0.49587825, 0.39505390, 0.38934686
255, 0.00470783, 0.00752407, 0.42823927, 0.49017121, 0.40202917, 0.39251744
256, 0.00474038, 0.00902909, 0.42105263, 0.49524413, 0.38490805, 0.38300571
257, 0.00496261, 0.00774229, 0.43056436, 0.50538998, 0.39949271, 0.38681040
258, 0.00476183, 0.00727785, 0.42887339, 0.49270767, 0.41851617, 0.37539632
259, 0.00505757, 0.00686978, 0.43458043, 0.50348763, 0.42105263, 0.37920101
260, 0.00502098, 0.00901024, 0.42781653, 0.50729233, 0.40710209, 0.36905517
261, 0.00489760, 0.00732488, 0.42654830, 0.49968294, 0.40646798, 0.37349398
262, 0.00487213, 0.00774113, 0.42337772, 0.49651237, 0.40519975, 0.36842105
263, 0.00475001, 0.00782038, 0.42337772, 0.50665821, 0.40202917, 0.36144578
264, 0.00467225, 0.00721028, 0.42485732, 0.51743817, 0.39695625, 0.36017755
265, 0.00489000, 0.00791607, 0.42591418, 0.50538998, 0.39505390, 0.37729867
266, 0.00474897, 0.00744112, 0.42443458, 0.50602410, 0.39188332, 0.37539632
267, 0.00479523, 0.00833724, 0.43098711, 0.51173114, 0.40202917, 0.37920101
268, 0.00492612, 0.00896862, 0.42549144, 0.51236525, 0.38807863, 0.37603044
269, 0.00476891, 0.00786389, 0.42718241, 0.51616994, 0.39441978, 0.37095751
270, 0.00473463, 0.00699676, 0.41978440, 0.50602410, 0.38490805, 0.36842105
271, 0.00508862, 0.00836841, 0.42020714, 0.49841471, 0.38554217, 0.37666455
272, 0.00519347, 0.00794884, 0.41745931, 0.49587825, 0.37666455, 0.37983513
273, 0.00479019, 0.00764779, 0.42823927, 0.50475587, 0.39315155, 0.38681040
274, 0.00474903, 0.00848801, 0.42802790, 0.50919467, 0.39124921, 0.38363982
275, 0.00491210, 0.00811233, 0.41957303, 0.49017121, 0.38490805, 0.38363982
276, 0.00525680, 0.00906803, 0.42760516, 0.50856056, 0.39568802, 0.37856690
277, 0.00480433, 0.00780170, 0.42823927, 0.50729233, 0.40266328, 0.37476221
278, 0.00516104, 0.00779112, 0.42422321, 0.50475587, 0.41027267, 0.35764109
279, 0.00472281, 0.00700074, 0.42401184, 0.50475587, 0.40519975, 0.36207990
280, 0.00597743, 0.00820199, 0.42020714, 0.49207356, 0.39759036, 0.37095751
281, 0.00520844, 0.00794117, 0.41788205, 0.48953710, 0.39315155, 0.37095751
282, 0.00515588, 0.00917721, 0.41851617, 0.49270767, 0.39061509, 0.37222575
283, 0.00523616, 0.00852562, 0.41830480, 0.48383006, 0.39695625, 0.37412809
284, 0.00547824, 0.00850942, 0.41915029, 0.48890298, 0.39885859, 0.36968928
285, 0.00531727, 0.00866190, 0.42210949, 0.48826886, 0.40773621, 0.37032340
286, 0.00510927, 0.00717538, 0.42062989, 0.49017121, 0.40012682, 0.37159163
287, 0.00500487, 0.00724184, 0.41555696, 0.48129360, 0.38871275, 0.37666455
288, 0.00470490, 0.00738263, 0.41534559, 0.48002536, 0.39441978, 0.37159163
289, 0.00487341, 0.00809549, 0.41809343, 0.49207356, 0.39124921, 0.37095751
290, 0.00486860, 0.00829839, 0.42062989, 0.49207356, 0.39568802, 0.37412809
291, 0.00494812, 0.00601120, 0.41597971, 0.48446417, 0.39378567, 0.36968928
292, 0.00486341, 0.00703057, 0.42189812, 0.48890298, 0.40202917, 0.37476221
293, 0.00463522, 0.00726613, 0.42210949, 0.50285352, 0.39759036, 0.36588459
294, 0.00469239, 0.00695321, 0.42189812, 0.48890298, 0.40519975, 0.37159163
295, 0.00470018, 0.00740859, 0.42718241, 0.50602410, 0.40329740, 0.37222575
296, 0.00486422, 0.00875216, 0.41788205, 0.49143944, 0.39695625, 0.36525048
297, 0.00482539, 0.00731520, 0.41724794, 0.48192771, 0.40329740, 0.36651871
298, 0.00461261, 0.00707961, 0.42105263, 0.48509829, 0.39695625, 0.38110336
299, 0.00470226, 0.00645300, 0.42210949, 0.48700063, 0.40139505, 0.37793278
300, 0.00479180, 0.00709321, 0.41576834, 0.48573240, 0.39124921, 0.37032340
301, 0.00490742, 0.00994414, 0.41724794, 0.48129360, 0.39885859, 0.37159163
302, 0.00460364, 0.00657253, 0.41830480, 0.49080533, 0.39251744, 0.37159163
303, 0.00492894, 0.00686673, 0.41682520, 0.49207356, 0.38617628, 0.37222575
304, 0.00490514, 0.00920968, 0.42422321, 0.50031706, 0.39822448, 0.37412809
305, 0.00512413, 0.00798578, 0.41640245, 0.49841471, 0.38300571, 0.36778694
306, 0.00479094, 0.00684476, 0.42570281, 0.50348763, 0.39695625, 0.37666455
307, 0.00480829, 0.00831728, 0.42443458, 0.50412175, 0.40646798, 0.36271401
308, 0.00472232, 0.00748475, 0.42147538, 0.49143944, 0.40329740, 0.36968928
309, 0.00468396, 0.00782500, 0.42062989, 0.49778060, 0.40456563, 0.35954344
310, 0.00501448, 0.00805560, 0.41745931, 0.49651237, 0.39124921, 0.36461636
311, 0.00480105, 0.00749690, 0.41640245, 0.49334179, 0.39061509, 0.36525048
312, 0.00495911, 0.00806399, 0.41576834, 0.49334179, 0.38998098, 0.36398224
313, 0.00478380, 0.00776985, 0.41915029, 0.50031706, 0.39315155, 0.36398224
314, 0.00460734, 0.00598777, 0.41957303, 0.49207356, 0.39695625, 0.36968928
315, 0.00486027, 0.00842214, 0.41745931, 0.49714648, 0.39949271, 0.35573874
316, 0.00472009, 0.00736116, 0.42041852, 0.49841471, 0.40202917, 0.36081167
317, 0.00484718, 0.00671120, 0.42147538, 0.50095117, 0.39949271, 0.36398224
318, 0.00475512, 0.00715437, 0.42168675, 0.49270767, 0.39568802, 0.37666455
319, 0.00480709, 0.00694435, 0.42253223, 0.50031706, 0.39061509, 0.37666455
320, 0.00508428, 0.00710070, 0.42084126, 0.50792644, 0.37603044, 0.37856690
321, 0.00502849, 0.00741070, 0.42041852, 0.50665821, 0.37412809, 0.38046925
322, 0.00485059, 0.00745642, 0.42506870, 0.51173114, 0.38807863, 0.37539632
323, 0.00470927, 0.00756879, 0.42020714, 0.50158529, 0.38681040, 0.37222575
324, 0.00465932, 0.00823202, 0.42189812, 0.49904883, 0.38807863, 0.37856690
325, 0.00485218, 0.00714881, 0.41302050, 0.50095117, 0.38046925, 0.35764109
326, 0.00481637, 0.00692393, 0.42041852, 0.50729233, 0.39505390, 0.35890932
327, 0.00497478, 0.00859257, 0.42971888, 0.50729233, 0.40583386, 0.37603044
328, 0.00519570, 0.00861377, 0.42253223, 0.50856056, 0.39378567, 0.36525048
329, 0.00487282, 0.00823862, 0.42528007, 0.50792644, 0.39315155, 0.37476221
330, 0.00492522, 0.00653327, 0.42528007, 0.49587825, 0.39949271, 0.38046925
331, 0.00476321, 0.00670405, 0.41428873, 0.49587825, 0.38490805, 0.36207990
332, 0.00471692, 0.00772467, 0.42189812, 0.50158529, 0.39315155, 0.37095751
333, 0.00482344, 0.00666530, 0.42232086, 0.49461002, 0.39378567, 0.37856690
334, 0.00484089, 0.00777949, 0.41682520, 0.50285352, 0.38554217, 0.36207990
335, 0.00505323, 0.00747612, 0.41513422, 0.51046290, 0.38046925, 0.35447051
336, 0.00487997, 0.00780275, 0.41640245, 0.49968294, 0.38998098, 0.35954344
337, 0.00465822, 0.00792281, 0.41661382, 0.50475587, 0.39061509, 0.35447051
338, 0.00473980, 0.00655109, 0.41809343, 0.50792644, 0.37666455, 0.36968928
339, 0.00456568, 0.00754889, 0.42020714, 0.51173114, 0.38617628, 0.36271401
340, 0.00467929, 0.00808857, 0.41978440, 0.50982879, 0.38173748, 0.36778694
341, 0.00482542, 0.00786002, 0.41788205, 0.50792644, 0.38300571, 0.36271401
342, 0.00511585, 0.00762066, 0.41830480, 0.50285352, 0.37729867, 0.37476221
343, 0.00473989, 0.00838934, 0.41872754, 0.49334179, 0.37856690, 0.38427394
344, 0.00488339, 0.00786814, 0.41132953, 0.48446417, 0.38237159, 0.36715282
345, 0.00477407, 0.00709923, 0.41492285, 0.49207356, 0.38427394, 0.36842105
346, 0.00484765, 0.00858918, 0.41302050, 0.48953710, 0.38554217, 0.36398224
347, 0.00445661, 0.00786580, 0.42062989, 0.50221940, 0.38807863, 0.37159163
348, 0.00454254, 0.00756186, 0.41809343, 0.50031706, 0.38110336, 0.37285986
349, 0.00479966, 0.00651150, 0.41809343, 0.49968294, 0.38998098, 0.36461636
350, 0.00458899, 0.00701211, 0.41471148, 0.49651237, 0.39061509, 0.35700698
351, 0.00468986, 0.00839019, 0.41111816, 0.49524413, 0.38617628, 0.35193405
352, 0.00439404, 0.00681324, 0.40731346, 0.48953710, 0.39251744, 0.33988586
353, 0.00458246, 0.00695776, 0.41471148, 0.50158529, 0.39251744, 0.35003171
354, 0.00471342, 0.00782882, 0.41090679, 0.50031706, 0.38490805, 0.34749524
355, 0.00452084, 0.00738699, 0.41365462, 0.49778060, 0.38807863, 0.35510463
356, 0.00488238, 0.00744197, 0.41111816, 0.48573240, 0.39378567, 0.35383640
357, 0.00468971, 0.00746299, 0.40287466, 0.49207356, 0.38237159, 0.33417882
358, 0.00450257, 0.00867122, 0.40858170, 0.49017121, 0.39188332, 0.34369055
359, 0.00488502, 0.00891537, 0.40794758, 0.49334179, 0.38237159, 0.34812936
360, 0.00451398, 0.00857258, 0.40773621, 0.48002536, 0.38744451, 0.35573874
361, 0.00463198, 0.00679366, 0.40097231, 0.47875713, 0.38363982, 0.34051997
362, 0.00453503, 0.00743291, 0.41006130, 0.50475587, 0.38046925, 0.34495878
363, 0.00459028, 0.00917749, 0.41344325, 0.49270767, 0.39949271, 0.34812936
364, 0.00468637, 0.00756590, 0.41555696, 0.50729233, 0.40076094, 0.33861763
365, 0.00474137, 0.00766715, 0.41259776, 0.50475587, 0.39124921, 0.34178821
366, 0.00447459, 0.00694417, 0.41597971, 0.50412175, 0.40266328, 0.34115409
367, 0.00469969, 0.00695093, 0.41154090, 0.50221940, 0.38554217, 0.34686113
368, 0.00456134, 0.00738291, 0.41069541, 0.50221940, 0.38490805, 0.34495878
369, 0.00460064, 0.00750633, 0.41217502, 0.50285352, 0.39124921, 0.34242232
370, 0.00472913, 0.00844790, 0.41132953, 0.50031706, 0.40456563, 0.32910590
371, 0.00464213, 0.00715186, 0.41492285, 0.50856056, 0.39188332, 0.34432467
372, 0.00457887, 0.00907937, 0.41217502, 0.50792644, 0.39124921, 0.33734940
373, 0.00452023, 0.00771599, 0.40710209, 0.49841471, 0.38300571, 0.33988586
374, 0.00463064, 0.00947818, 0.41111816, 0.51363348, 0.39061509, 0.32910590
375, 0.00459662, 0.00894488, 0.41006130, 0.49714648, 0.39061509, 0.34242232
376, 0.00514191, 0.00953115, 0.41238639, 0.49778060, 0.39061509, 0.34876347
377, 0.00469870, 0.00848715, 0.41745931, 0.49524413, 0.40139505, 0.35573874
378, 0.00433506, 0.00719063, 0.41619108, 0.50348763, 0.40012682, 0.34495878
379, 0.00463539, 0.00954798, 0.42380047, 0.50475587, 0.41534559, 0.35129994
380, 0.00473505, 0.00846953, 0.42570281, 0.50602410, 0.41851617, 0.35256817
381, 0.00449279, 0.00640942, 0.42232086, 0.50538998, 0.41471148, 0.34686113
382, 0.00444402, 0.00662384, 0.42612555, 0.51299937, 0.41090679, 0.35447051
383, 0.00456471, 0.00774343, 0.42760516, 0.51046290, 0.40646798, 0.36588459
384, 0.00466979, 0.00739483, 0.42929613, 0.49841471, 0.41661382, 0.37285986
385, 0.00463765, 0.00954038, 0.43056436, 0.49968294, 0.41978440, 0.37222575
386, 0.00461311, 0.00735916, 0.42528007, 0.51109702, 0.41597971, 0.34876347
387, 0.00472896, 0.00688975, 0.42823927, 0.51363348, 0.40266328, 0.36842105
388, 0.00454172, 0.00803548, 0.42823927, 0.51236525, 0.41534559, 0.35700698
389, 0.00468787, 0.00645892, 0.41809343, 0.48700063, 0.41851617, 0.34876347
390, 0.00480933, 0.00670523, 0.41576834, 0.49968294, 0.40393152, 0.34369055
391, 0.00462054, 0.00792158, 0.42168675, 0.50221940, 0.40773621, 0.35510463
392, 0.00456891, 0.00756206, 0.42210949, 0.50665821, 0.40963855, 0.35003171
393, 0.00446559, 0.00719391, 0.41978440, 0.50285352, 0.40773621, 0.34876347
394, 0.00452566, 0.00736960, 0.42823927, 0.50919467, 0.41217502, 0.36334813
395, 0.00455574, 0.00767003, 0.42464595, 0.51236525, 0.40329740, 0.35827521
396, 0.00451739, 0.00686036, 0.43035299, 0.50475587, 0.41661382, 0.36968928
397, 0.00474917, 0.00733286, 0.42210949, 0.50285352, 0.40710209, 0.35637286
398, 0.00488260, 0.00830256, 0.42210949, 0.50095117, 0.41154090, 0.35383640
399, 0.00471207, 0.00855759, 0.42633693, 0.50729233, 0.41344325, 0.35827521
400, 0.00446587, 0.00649605, 0.43267808, 0.51680406, 0.41597971, 0.36525048
401, 0.00507198, 0.00798961, 0.42041852, 0.49714648, 0.39822448, 0.36588459
402, 0.00469715, 0.00635570, 0.41936166, 0.50031706, 0.39378567, 0.36398224
403, 0.00495591, 0.00765306, 0.41132953, 0.49207356, 0.38871275, 0.35320228
404, 0.00454579, 0.00803945, 0.41471148, 0.49397590, 0.40202917, 0.34812936
405, 0.00456297, 0.00686199, 0.41048404, 0.48129360, 0.40393152, 0.34622701
406, 0.00473488, 0.00752224, 0.42084126, 0.49714648, 0.40963855, 0.35573874
407, 0.00450878, 0.00716323, 0.42422321, 0.50538998, 0.41344325, 0.35383640
408, 0.00442357, 0.00683153, 0.41576834, 0.49207356, 0.39885859, 0.35637286
409, 0.00455191, 0.00816594, 0.41302050, 0.49017121, 0.39632213, 0.35256817
410, 0.00450664, 0.00746644, 0.41428873, 0.50221940, 0.38934686, 0.35129994
411, 0.00439796, 0.00811227, 0.41851617, 0.50095117, 0.40963855, 0.34495878
412, 0.00446764, 0.00604059, 0.41788205, 0.49968294, 0.40076094, 0.35320228
413, 0.00452233, 0.00757604, 0.41090679, 0.49651237, 0.38744451, 0.34876347
414, 0.00454742, 0.00621873, 0.40752484, 0.49524413, 0.38300571, 0.34432467
415, 0.00457746, 0.00711229, 0.41006130, 0.50095117, 0.38237159, 0.34686113
416, 0.00449611, 0.00736770, 0.41640245, 0.50285352, 0.40076094, 0.34559290
417, 0.00462802, 0.00705117, 0.41344325, 0.50285352, 0.38934686, 0.34812936
418, 0.00455996, 0.00748109, 0.41196364, 0.49714648, 0.39759036, 0.34115409
419, 0.00452362, 0.00740983, 0.40837032, 0.51046290, 0.38173748, 0.33291059
420, 0.00437983, 0.00808253, 0.40752484, 0.50919467, 0.37793278, 0.33544705
421, 0.00431420, 0.00704974, 0.40942718, 0.50158529, 0.38046925, 0.34622701
422, 0.00454690, 0.00735194, 0.41767068, 0.50095117, 0.38871275, 0.36334813
423, 0.00464849, 0.00781863, 0.41872754, 0.50792644, 0.39251744, 0.35573874
424, 0.00491221, 0.00880442, 0.41365462, 0.51299937, 0.37666455, 0.35129994
425, 0.00528699, 0.00919873, 0.40837032, 0.50031706, 0.37412809, 0.35066582
426, 0.00477852, 0.00748129, 0.40054957, 0.49714648, 0.36081167, 0.34369055
427, 0.00488457, 0.00639546, 0.41027267, 0.49904883, 0.37983513, 0.35193405
428, 0.00522012, 0.00598641, 0.41027267, 0.50412175, 0.37476221, 0.35193405
429, 0.00490570, 0.00861413, 0.40519975, 0.49270767, 0.37349398, 0.34939759
430, 0.00480524, 0.00673841, 0.40562249, 0.49143944, 0.37349398, 0.35193405
431, 0.00478864, 0.00656142, 0.40900444, 0.49587825, 0.37603044, 0.35510463
432, 0.00452702, 0.00758250, 0.40984993, 0.50538998, 0.36144578, 0.36271401
433, 0.00471447, 0.00753280, 0.40689072, 0.50285352, 0.36081167, 0.35700698
434, 0.00462773, 0.00756931, 0.40879307, 0.50095117, 0.36842105, 0.35700698
435, 0.00480617, 0.00732752, 0.40329740, 0.49397590, 0.35827521, 0.35764109
436, 0.00461635, 0.00675482, 0.40477700, 0.50031706, 0.36144578, 0.35256817
437, 0.00458803, 0.00721714, 0.40604523, 0.48573240, 0.37222575, 0.36017755
438, 0.00464621, 0.00743055, 0.40287466, 0.48763475, 0.37349398, 0.34749524
439, 0.00457219, 0.00769058, 0.40583386, 0.49080533, 0.38173748, 0.34495878
440, 0.00446793, 0.00758164, 0.40815895, 0.49651237, 0.38110336, 0.34686113
441, 0.00447599, 0.00664417, 0.40498837, 0.49207356, 0.37412809, 0.34876347
442, 0.00452722, 0.00698346, 0.40477700, 0.49143944, 0.37412809, 0.34876347
443, 0.00462881, 0.00760240, 0.40667935, 0.49714648, 0.37349398, 0.34939759
444, 0.00465122, 0.00802302, 0.40435426, 0.48953710, 0.37159163, 0.35193405
445, 0.00437243, 0.00724400, 0.40773621, 0.48763475, 0.37793278, 0.35764109
446, 0.00436559, 0.00672896, 0.40963855, 0.48890298, 0.37983513, 0.36017755
447, 0.00452002, 0.00702708, 0.40583386, 0.49397590, 0.36334813, 0.36017755
448, 0.00447436, 0.00749318, 0.40921581, 0.49714648, 0.37222575, 0.35827521
449, 0.00484057, 0.00808744, 0.41302050, 0.50285352, 0.38934686, 0.34686113
450, 0.00496523, 0.00913839, 0.41555696, 0.50095117, 0.37285986, 0.37285986
451, 0.00496483, 0.00859944, 0.40815895, 0.50095117, 0.36525048, 0.35827521
452, 0.00468327, 0.00843468, 0.39991545, 0.49017121, 0.36968928, 0.33988586
453, 0.00448025, 0.00665161, 0.40414289, 0.49334179, 0.37476221, 0.34432467
454, 0.00438724, 0.00743009, 0.39716762, 0.48763475, 0.36398224, 0.33988586
455, 0.00462455, 0.00654962, 0.39822448, 0.48700063, 0.36651871, 0.34115409
456, 0.00454417, 0.00607744, 0.40731346, 0.49587825, 0.37793278, 0.34812936
457, 0.00461852, 0.00634458, 0.40414289, 0.49334179, 0.38237159, 0.33671528
458, 0.00447220, 0.00737091, 0.40139505, 0.48573240, 0.37539632, 0.34305644
459, 0.00470919, 0.00708424, 0.40350877, 0.48319594, 0.37285986, 0.35447051
460, 0.00442140, 0.00664498, 0.39801311, 0.48002536, 0.36398224, 0.35003171
461, 0.00441496, 0.00795866, 0.40181780, 0.48573240, 0.37729867, 0.34242232
462, 0.00455903, 0.00890288, 0.40815895, 0.50158529, 0.36968928, 0.35320228
463, 0.00451886, 0.00782683, 0.40012682, 0.49334179, 0.35890932, 0.34812936
464, 0.00430094, 0.00734113, 0.40456563, 0.49080533, 0.36715282, 0.35573874
465, 0.00437034, 0.00693549, 0.40224054, 0.49397590, 0.36968928, 0.34305644
466, 0.00440966, 0.00736187, 0.40900444, 0.50348763, 0.36651871, 0.35700698
467, 0.00452077, 0.00648647, 0.40054957, 0.48700063, 0.36207990, 0.35256817
468, 0.00430218, 0.00700916, 0.40139505, 0.48953710, 0.36905517, 0.34559290
469, 0.00471323, 0.00721049, 0.40033819, 0.49207356, 0.36905517, 0.33988586
470, 0.00446250, 0.00779298, 0.39864722, 0.49461002, 0.36778694, 0.33354471
471, 0.00446088, 0.00603347, 0.40435426, 0.49207356, 0.37159163, 0.34939759
472, 0.00441957, 0.00651812, 0.40350877, 0.49017121, 0.37729867, 0.34305644
473, 0.00450203, 0.00742122, 0.40245191, 0.48636652, 0.37793278, 0.34305644
474, 0.00434393, 0.00705167, 0.40012682, 0.49080533, 0.36525048, 0.34432467
475, 0.00437252, 0.00670758, 0.40498837, 0.49651237, 0.37729867, 0.34115409
476, 0.00447546, 0.00734114, 0.40984993, 0.49207356, 0.38427394, 0.35320228
477, 0.00426096, 0.00674119, 0.40245191, 0.48953710, 0.37349398, 0.34432467
478, 0.00436173, 0.00743092, 0.40921581, 0.50221940, 0.38554217, 0.33988586
479, 0.00457480, 0.00699910, 0.41238639, 0.50031706, 0.38427394, 0.35256817
480, 0.00438340, 0.00750926, 0.41365462, 0.49587825, 0.38744451, 0.35764109
481, 0.00458666, 0.00800687, 0.41196364, 0.50602410, 0.37983513, 0.35003171
482, 0.00425995, 0.00677946, 0.40731346, 0.49714648, 0.37539632, 0.34939759
483, 0.00431588, 0.00602803, 0.40900444, 0.50158529, 0.37856690, 0.34686113
484, 0.00456027, 0.00639486, 0.41471148, 0.49778060, 0.38237159, 0.36398224
485, 0.00438783, 0.00731398, 0.41386599, 0.49651237, 0.38554217, 0.35954344
486, 0.00433587, 0.00795173, 0.41027267, 0.49524413, 0.37729867, 0.35827521
487, 0.00430539, 0.00677942, 0.41513422, 0.49904883, 0.39061509, 0.35573874
488, 0.00457829, 0.00775907, 0.41154090, 0.49841471, 0.38173748, 0.35447051
489, 0.00434790, 0.00688984, 0.41597971, 0.50602410, 0.38681040, 0.35510463
490, 0.00436512, 0.00760276, 0.41830480, 0.50602410, 0.39441978, 0.35447051
491, 0.00447963, 0.00651800, 0.41238639, 0.50095117, 0.37793278, 0.35827521
492, 0.00441137, 0.00741338, 0.41196364, 0.49778060, 0.37729867, 0.36081167
493, 0.00437873, 0.00743502, 0.40984993, 0.49904883, 0.37920101, 0.35129994
494, 0.00438812, 0.00762822, 0.41196364, 0.50158529, 0.38617628, 0.34812936
495, 0.00459585, 0.00626960, 0.40519975, 0.48953710, 0.38110336, 0.34495878
496, 0.00480261, 0.00731936, 0.39991545, 0.48446417, 0.37729867, 0.33798351
497, 0.00469327, 0.00695745, 0.40562249, 0.48953710, 0.37983513, 0.34749524
498, 0.00455488, 0.00669585, 0.40646798, 0.49841471, 0.37539632, 0.34559290
499, 0.00431301, 0.00636714, 0.40604523, 0.49968294, 0.37920101, 0.33925174
500, 0.00454536, 0.00712603, 0.41132953, 0.50412175, 0.38807863, 0.34178821
