#, train_loss, test_loss, test_acc_all, test_acc_C, test_acc_A, test_acc_F
1, 0.05803387, 0.03965104, 0.40860838, 0.56456283, 0.39722061, 0.26404169
2, 0.02580208, 0.03609234, 0.40938043, 0.56398379, 0.39316734, 0.27099016
3, 0.02344668, 0.03373325, 0.41131056, 0.56282571, 0.39316734, 0.27793862
4, 0.02085563, 0.03090918, 0.40378305, 0.55587724, 0.38390272, 0.27156920
5, 0.01769326, 0.02759452, 0.40822235, 0.55240301, 0.39953677, 0.27272727
6, 0.01557819, 0.02414387, 0.40667825, 0.55761436, 0.39953677, 0.26288361
7, 0.01334597, 0.02132900, 0.40976645, 0.55240301, 0.40474812, 0.27214823
8, 0.01248778, 0.01964773, 0.41131056, 0.54719166, 0.41285466, 0.27388535
9, 0.01204710, 0.01846945, 0.41304767, 0.54950782, 0.40822235, 0.28141285
10, 0.01176978, 0.01891194, 0.40822235, 0.54950782, 0.40127389, 0.27388535
11, 0.01083870, 0.01638645, 0.40609921, 0.55008686, 0.40416908, 0.26404169
12, 0.01025247, 0.01646718, 0.40532716, 0.55008686, 0.40243196, 0.26346265
13, 0.01043324, 0.01818423, 0.40552017, 0.54603358, 0.40474812, 0.26577881
14, 0.01019624, 0.01691120, 0.40976645, 0.54198031, 0.41864505, 0.26867400
15, 0.01058608, 0.01762741, 0.41324069, 0.54892878, 0.41111754, 0.27967574
16, 0.01010962, 0.01632690, 0.40552017, 0.54082224, 0.40590620, 0.26983208
17, 0.00994852, 0.01396901, 0.40088786, 0.53329473, 0.40706427, 0.26230457
18, 0.00961272, 0.01668888, 0.40571318, 0.53676896, 0.40590620, 0.27446439
19, 0.00974426, 0.01782534, 0.41497780, 0.54892878, 0.40764331, 0.28836132
20, 0.00967558, 0.01719724, 0.41748697, 0.55703532, 0.40880139, 0.28662420
21, 0.00975656, 0.01741890, 0.41748697, 0.55008686, 0.41690793, 0.28546613
22, 0.00985358, 0.01666892, 0.41478479, 0.55414013, 0.40185292, 0.28836132
23, 0.01008152, 0.01640986, 0.40957344, 0.54198031, 0.40822235, 0.27851766
24, 0.00936290, 0.01589562, 0.41073152, 0.55124493, 0.40474812, 0.27620151
25, 0.00942478, 0.01562145, 0.41150357, 0.55587724, 0.39722061, 0.28141285
26, 0.00945590, 0.01588898, 0.41246864, 0.56108859, 0.40185292, 0.27446439
27, 0.00946222, 0.01473413, 0.40841536, 0.55008686, 0.40416908, 0.27099016
28, 0.00922084, 0.01539372, 0.41092453, 0.55935148, 0.40416908, 0.26925304
29, 0.00965211, 0.01555478, 0.41613588, 0.56108859, 0.41343370, 0.27388535
30, 0.00953988, 0.01600576, 0.41652191, 0.55587724, 0.41401274, 0.27967574
31, 0.00900882, 0.01371485, 0.41671492, 0.57035321, 0.39722061, 0.28257093
32, 0.00920358, 0.01549189, 0.42192627, 0.56861610, 0.40995947, 0.28720324
33, 0.00913900, 0.01808245, 0.41304767, 0.56108859, 0.40069485, 0.27735958
34, 0.00896304, 0.01607633, 0.42520749, 0.57266937, 0.41574986, 0.28720324
35, 0.00925838, 0.01574406, 0.42404941, 0.57266937, 0.40995947, 0.28951940
36, 0.00913290, 0.01693114, 0.41883806, 0.56282571, 0.41227562, 0.28141285
37, 0.01027550, 0.01876907, 0.41710095, 0.56629994, 0.41632889, 0.26867400
38, 0.01011585, 0.01878116, 0.42520749, 0.57209033, 0.42443544, 0.27909670
39, 0.00926049, 0.01511315, 0.42096120, 0.57324841, 0.40822235, 0.28141285
40, 0.01004240, 0.01456259, 0.40899440, 0.55008686, 0.39027215, 0.28662420
41, 0.00885858, 0.01468336, 0.41227562, 0.55529820, 0.38332368, 0.29820498
42, 0.00888292, 0.01521589, 0.40880139, 0.54834974, 0.39085119, 0.28720324
43, 0.00874519, 0.01417509, 0.40474812, 0.54371743, 0.38042849, 0.29009844
44, 0.00864611, 0.01397657, 0.40687126, 0.54255935, 0.38911407, 0.28894036
45, 0.00857794, 0.01456754, 0.40706427, 0.53966416, 0.39837869, 0.28314997
46, 0.00835730, 0.01406889, 0.40532716, 0.53097858, 0.38853503, 0.29646786
47, 0.00820712, 0.01533335, 0.40995947, 0.53503185, 0.39490446, 0.29994210
48, 0.00892162, 0.01328509, 0.41517082, 0.55529820, 0.40243196, 0.28778228
49, 0.00856898, 0.01369890, 0.41266165, 0.54371743, 0.41690793, 0.27735958
50, 0.00862402, 0.01547409, 0.40976645, 0.55066589, 0.39374638, 0.28488709
51, 0.00853641, 0.01471504, 0.41073152, 0.55066589, 0.40301100, 0.27851766
52, 0.00933054, 0.01374446, 0.40976645, 0.55645628, 0.38679792, 0.28604517
53, 0.00843973, 0.01404818, 0.40687126, 0.55008686, 0.37984945, 0.29067748
54, 0.00796409, 0.01382687, 0.41671492, 0.56224667, 0.40243196, 0.28546613
55, 0.00832899, 0.01531532, 0.40629222, 0.56340475, 0.37290098, 0.28257093
56, 0.00819419, 0.01564701, 0.40629222, 0.56340475, 0.37579618, 0.27967574
57, 0.00833276, 0.01360206, 0.40938043, 0.56629994, 0.37695426, 0.28488709
58, 0.00814635, 0.01313507, 0.41285466, 0.56050955, 0.39316734, 0.28488709
59, 0.00794498, 0.01161236, 0.40783633, 0.55471917, 0.38158657, 0.28720324
60, 0.00823188, 0.01369893, 0.41111754, 0.54545455, 0.39490446, 0.29299363
61, 0.00805127, 0.01250073, 0.40609921, 0.55356109, 0.38448176, 0.28025478
62, 0.00811918, 0.01272532, 0.40764331, 0.54950782, 0.37521714, 0.29820498
63, 0.00795446, 0.01309647, 0.41053851, 0.53734800, 0.38911407, 0.30515345
64, 0.00763821, 0.01476535, 0.40513414, 0.54834974, 0.36537348, 0.30167921
65, 0.00796593, 0.01371648, 0.40474812, 0.55008686, 0.37695426, 0.28720324
66, 0.00809876, 0.01507905, 0.40609921, 0.53908512, 0.38795599, 0.29125651
67, 0.00776981, 0.01329223, 0.40783633, 0.54487551, 0.38795599, 0.29067748
68, 0.00793395, 0.01087528, 0.40050183, 0.53213665, 0.38274464, 0.28662420
69, 0.00826251, 0.01457231, 0.40474812, 0.54082224, 0.37869137, 0.29473075
70, 0.00851706, 0.01237754, 0.40223895, 0.54661262, 0.38042849, 0.27967574
71, 0.00807037, 0.01302590, 0.40359004, 0.53966416, 0.37927041, 0.29183555
72, 0.00810282, 0.01226213, 0.40088786, 0.53792704, 0.36826867, 0.29646786
73, 0.00789851, 0.01133204, 0.40223895, 0.53329473, 0.37521714, 0.29820498
74, 0.00781101, 0.01234472, 0.40359004, 0.53676896, 0.37232195, 0.30167921
75, 0.00773429, 0.01447085, 0.40455511, 0.53792704, 0.38274464, 0.29299363
76, 0.00744212, 0.01468402, 0.40609921, 0.53329473, 0.38621888, 0.29878402
77, 0.00798870, 0.01587160, 0.39336036, 0.53329473, 0.35726694, 0.28951940
78, 0.00959441, 0.01492791, 0.40108087, 0.52750434, 0.38969311, 0.28604517
79, 0.00837750, 0.01245033, 0.39972978, 0.52634627, 0.38853503, 0.28430805
80, 0.00790576, 0.01253728, 0.40050183, 0.52866242, 0.38911407, 0.28372901
81, 0.00769133, 0.01092852, 0.39702760, 0.52113492, 0.39490446, 0.27504343
82, 0.00779426, 0.01205786, 0.40243196, 0.52692530, 0.40474812, 0.27562247
83, 0.00741059, 0.01216145, 0.39915074, 0.52171395, 0.39664157, 0.27909670
84, 0.00752260, 0.01098800, 0.39915074, 0.51592357, 0.39316734, 0.28836132
85, 0.00756742, 0.01135091, 0.39741363, 0.52229299, 0.38100753, 0.28894036
86, 0.00801566, 0.01106625, 0.38525381, 0.49797336, 0.37405906, 0.28372901
87, 0.00745023, 0.01288426, 0.38814901, 0.50318471, 0.37405906, 0.28720324
88, 0.00729220, 0.01066790, 0.39162324, 0.49971048, 0.37579618, 0.29936306
89, 0.00696440, 0.01006323, 0.39065817, 0.50492183, 0.37058483, 0.29646786
90, 0.00704933, 0.01320725, 0.39837869, 0.51302837, 0.38042849, 0.30167921
91, 0.00716788, 0.01096508, 0.39857170, 0.50434279, 0.38100753, 0.31036479
92, 0.00730589, 0.01107421, 0.40262498, 0.51418645, 0.38969311, 0.30399537
93, 0.00746141, 0.01230388, 0.40108087, 0.51129126, 0.39490446, 0.29704690
94, 0.00687059, 0.01118012, 0.40359004, 0.51244933, 0.39895773, 0.29936306
95, 0.00677622, 0.00938126, 0.40011581, 0.51939780, 0.39027215, 0.29067748
96, 0.00674976, 0.01093201, 0.39548350, 0.51129126, 0.38853503, 0.28662420
97, 0.00692441, 0.01091881, 0.39490446, 0.51129126, 0.39200926, 0.28141285
98, 0.00729956, 0.01257220, 0.39278132, 0.50665895, 0.38795599, 0.28372901
99, 0.00726067, 0.01029333, 0.39316734, 0.50897510, 0.39143023, 0.27909670
100, 0.00698414, 0.01065758, 0.39509747, 0.50897510, 0.38853503, 0.28778228
101, 0.00703473, 0.01110585, 0.38950010, 0.50781702, 0.37869137, 0.28199189
102, 0.00669153, 0.01178981, 0.38853503, 0.51013318, 0.37579618, 0.27967574
103, 0.00660294, 0.01079345, 0.39278132, 0.50086856, 0.39316734, 0.28430805
104, 0.00683067, 0.01054584, 0.39509747, 0.50318471, 0.39374638, 0.28836132
105, 0.00675589, 0.01106252, 0.39123721, 0.49739433, 0.38332368, 0.29299363
106, 0.00695495, 0.01058285, 0.39625555, 0.50144760, 0.39606254, 0.29125651
107, 0.00664816, 0.00915043, 0.39432542, 0.50723798, 0.38274464, 0.29299363
108, 0.00709406, 0.01073522, 0.40185292, 0.51244933, 0.39085119, 0.30225825
109, 0.00683625, 0.01084363, 0.39471145, 0.49160394, 0.38911407, 0.30341633
110, 0.00645108, 0.00979369, 0.39741363, 0.50376375, 0.38969311, 0.29878402
111, 0.00628364, 0.01028406, 0.39586952, 0.50028952, 0.38795599, 0.29936306
112, 0.00670007, 0.00982192, 0.39336036, 0.49855240, 0.38216561, 0.29936306
113, 0.00643614, 0.01006953, 0.40011581, 0.50202664, 0.39258830, 0.30573248
114, 0.00668941, 0.01017018, 0.39857170, 0.50550087, 0.39664157, 0.29357267
115, 0.00640871, 0.00993998, 0.39818568, 0.50665895, 0.38853503, 0.29936306
116, 0.00620073, 0.01068391, 0.40146690, 0.51476549, 0.40011581, 0.28951940
117, 0.00635465, 0.01008609, 0.39586952, 0.49392009, 0.39316734, 0.30052113
118, 0.00633034, 0.00990003, 0.39143023, 0.49565721, 0.38506080, 0.29357267
119, 0.00642088, 0.01047670, 0.38641189, 0.49044586, 0.36826867, 0.30052113
120, 0.00711674, 0.01020124, 0.39162324, 0.49276202, 0.38332368, 0.29878402
121, 0.00663250, 0.00973620, 0.39451843, 0.49507817, 0.38448176, 0.30399537
122, 0.00676708, 0.01089319, 0.39007914, 0.49507817, 0.38100753, 0.29415171
123, 0.00639101, 0.00941922, 0.38756997, 0.49565721, 0.36479444, 0.30225825
124, 0.00633157, 0.00988940, 0.39007914, 0.49855240, 0.37984945, 0.29183555
125, 0.00630414, 0.00939121, 0.39393939, 0.49797336, 0.36537348, 0.31847134
126, 0.00645031, 0.01343004, 0.39664157, 0.50260567, 0.38216561, 0.30515345
127, 0.00612580, 0.00980591, 0.39258830, 0.50202664, 0.37232195, 0.30341633
128, 0.00612693, 0.00968457, 0.39702760, 0.50260567, 0.37290098, 0.31557614
129, 0.00609068, 0.00907045, 0.39027215, 0.49565721, 0.36768964, 0.30746960
130, 0.00593905, 0.00917710, 0.39143023, 0.50028952, 0.37290098, 0.30110017
131, 0.00604794, 0.00882518, 0.38718394, 0.49855240, 0.37405906, 0.28894036
132, 0.00580286, 0.00952136, 0.39413241, 0.50086856, 0.39200926, 0.28951940
133, 0.00611719, 0.00931078, 0.39799267, 0.50781702, 0.38795599, 0.29820498
134, 0.00617005, 0.00921624, 0.39181625, 0.49334105, 0.39085119, 0.29125651
135, 0.00598830, 0.01047695, 0.39220228, 0.49971048, 0.38042849, 0.29646786
136, 0.00606229, 0.00958010, 0.38930708, 0.49276202, 0.38621888, 0.28894036
137, 0.00625698, 0.00979997, 0.39355337, 0.50260567, 0.40416908, 0.27388535
138, 0.00600487, 0.00882731, 0.39413241, 0.50434279, 0.39258830, 0.28546613
139, 0.00618010, 0.00949400, 0.39316734, 0.50028952, 0.39490446, 0.28430805
140, 0.00583007, 0.00872440, 0.38911407, 0.50086856, 0.38506080, 0.28141285
141, 0.00660887, 0.00903763, 0.38197259, 0.50202664, 0.36711060, 0.27678054
142, 0.00599015, 0.00895734, 0.38390272, 0.50086856, 0.38506080, 0.26577881
143, 0.00603781, 0.00816650, 0.38737695, 0.49739433, 0.38332368, 0.28141285
144, 0.00592015, 0.00994022, 0.38602586, 0.49044586, 0.38795599, 0.27967574
145, 0.00585468, 0.00882671, 0.39046516, 0.50376375, 0.38737695, 0.28025478
146, 0.00560335, 0.01036806, 0.39374638, 0.50086856, 0.39316734, 0.28720324
147, 0.00555628, 0.00953111, 0.39355337, 0.48928778, 0.40590620, 0.28546613
148, 0.00555503, 0.00838881, 0.39220228, 0.49102490, 0.40301100, 0.28257093
149, 0.00550604, 0.00915289, 0.38872804, 0.48176028, 0.40359004, 0.28083382
150, 0.00575344, 0.01115761, 0.39509747, 0.49449913, 0.41285466, 0.27793862
151, 0.00577837, 0.00833620, 0.39644856, 0.49392009, 0.40764331, 0.28778228
152, 0.00550475, 0.00884922, 0.39664157, 0.49855240, 0.39143023, 0.29994210
153, 0.00575393, 0.01005858, 0.39606254, 0.49797336, 0.39027215, 0.29994210
154, 0.00572358, 0.00815658, 0.39471145, 0.49739433, 0.38737695, 0.29936306
155, 0.00548920, 0.00911277, 0.39355337, 0.48870874, 0.38853503, 0.30341633
156, 0.00547808, 0.00892729, 0.38641189, 0.48523451, 0.38158657, 0.29241459
157, 0.00524870, 0.00907465, 0.38467477, 0.48233932, 0.37811233, 0.29357267
158, 0.00538113, 0.00761658, 0.38274464, 0.48581355, 0.38853503, 0.27388535
159, 0.00554841, 0.00856375, 0.38023548, 0.48060220, 0.37637522, 0.28372901
160, 0.00562768, 0.00983315, 0.38525381, 0.47423277, 0.38911407, 0.29241459
161, 0.00588969, 0.01022736, 0.38100753, 0.48233932, 0.37869137, 0.28199189
162, 0.00550382, 0.00952490, 0.37830535, 0.48060220, 0.37000579, 0.28430805
163, 0.00561807, 0.00812282, 0.38506080, 0.48291836, 0.38448176, 0.28778228
164, 0.00562679, 0.00752492, 0.37830535, 0.48291836, 0.37463810, 0.27735958
165, 0.00546866, 0.00843827, 0.38177958, 0.48176028, 0.38042849, 0.28314997
166, 0.00533161, 0.00791289, 0.37811233, 0.47886508, 0.37811233, 0.27735958
167, 0.00527390, 0.00835129, 0.37965644, 0.48176028, 0.38274464, 0.27446439
168, 0.00550190, 0.00797693, 0.38062150, 0.47133758, 0.37984945, 0.29067748
169, 0.00537822, 0.00953397, 0.37984945, 0.47249566, 0.38853503, 0.27851766
170, 0.00532040, 0.00806788, 0.37270797, 0.47191662, 0.37116387, 0.27504343
171, 0.00528807, 0.00769584, 0.36826867, 0.46496815, 0.36884771, 0.27099016
172, 0.00588397, 0.01009715, 0.37328701, 0.47307470, 0.36247829, 0.28430805
173, 0.00581713, 0.00762005, 0.37077784, 0.47481181, 0.38332368, 0.25419803
174, 0.00575797, 0.00823729, 0.37193592, 0.47828605, 0.37869137, 0.25883034
175, 0.00517446, 0.00868021, 0.36923374, 0.47307470, 0.37753329, 0.25709323
176, 0.00527268, 0.00926503, 0.37444509, 0.47307470, 0.38158657, 0.26867400
177, 0.00553970, 0.00748905, 0.37077784, 0.48118124, 0.37232195, 0.25883034
178, 0.00492157, 0.00729453, 0.37000579, 0.47423277, 0.37174291, 0.26404169
179, 0.00552412, 0.00922713, 0.37483111, 0.48176028, 0.37232195, 0.27041112
180, 0.00533736, 0.00778661, 0.36942675, 0.48060220, 0.36768964, 0.25998842
181, 0.00530357, 0.00808738, 0.37328701, 0.48697163, 0.36595252, 0.26693688
182, 0.00509904, 0.00813406, 0.37425207, 0.48118124, 0.37116387, 0.27041112
183, 0.00514911, 0.00699834, 0.37270797, 0.48291836, 0.37174291, 0.26346265
184, 0.00532678, 0.00726639, 0.37193592, 0.47712797, 0.35958309, 0.27909670
185, 0.00520664, 0.00796131, 0.37637522, 0.48349739, 0.36363636, 0.28199189
186, 0.00509402, 0.00736492, 0.38235862, 0.49276202, 0.36479444, 0.28951940
187, 0.00538782, 0.00769167, 0.38062150, 0.48697163, 0.36768964, 0.28720324
188, 0.00560701, 0.00707770, 0.38004246, 0.47770701, 0.37405906, 0.28836132
189, 0.00567913, 0.00796105, 0.38023548, 0.48118124, 0.37695426, 0.28257093
190, 0.00547774, 0.00790673, 0.37676124, 0.47423277, 0.37000579, 0.28604517
191, 0.00510865, 0.00666247, 0.37521714, 0.48002316, 0.36653156, 0.27909670
192, 0.00515183, 0.00869079, 0.37676124, 0.48581355, 0.36537348, 0.27909670
193, 0.00516396, 0.00725800, 0.37849836, 0.48870874, 0.36884771, 0.27793862
194, 0.00515434, 0.00892087, 0.37656823, 0.48291836, 0.37869137, 0.26809496
195, 0.00530114, 0.00854455, 0.37232195, 0.48060220, 0.36884771, 0.26751592
196, 0.00521930, 0.00851550, 0.38042849, 0.49044586, 0.36884771, 0.28199189
197, 0.00528791, 0.01047659, 0.37984945, 0.48639259, 0.37348002, 0.27967574
198, 0.00532610, 0.00728875, 0.38158657, 0.49160394, 0.37174291, 0.28141285
199, 0.00520337, 0.00693152, 0.38139355, 0.49160394, 0.37405906, 0.27851766
200, 0.00543851, 0.00924106, 0.38062150, 0.49218298, 0.36826867, 0.28141285
201, 0.00521553, 0.00688285, 0.38409573, 0.49218298, 0.37695426, 0.28314997
202, 0.00504177, 0.00802880, 0.38467477, 0.50086856, 0.37984945, 0.27330631
203, 0.00501127, 0.00679781, 0.38428875, 0.49449913, 0.37984945, 0.27851766
204, 0.00590851, 0.00806992, 0.37927041, 0.47770701, 0.38621888, 0.27388535
205, 0.00515019, 0.00980897, 0.37695426, 0.48755067, 0.37753329, 0.26577881
206, 0.00530257, 0.00753668, 0.37560317, 0.47423277, 0.37348002, 0.27909670
207, 0.00503241, 0.00673006, 0.38081451, 0.48697163, 0.37637522, 0.27909670
208, 0.00512743, 0.00810385, 0.37927041, 0.47944412, 0.37463810, 0.28372901
209, 0.00520805, 0.00795750, 0.38235862, 0.48407643, 0.37869137, 0.28430805
210, 0.00491092, 0.00839669, 0.38409573, 0.49449913, 0.37521714, 0.28257093
211, 0.00551055, 0.00733561, 0.37907740, 0.49739433, 0.36016213, 0.27967574
212, 0.00495249, 0.00794483, 0.38235862, 0.49797336, 0.37405906, 0.27504343
213, 0.00512032, 0.00738897, 0.38004246, 0.48349739, 0.39027215, 0.26635785
214, 0.00493409, 0.00770243, 0.37907740, 0.49392009, 0.37058483, 0.27272727
215, 0.00505577, 0.00927575, 0.37212893, 0.48060220, 0.36884771, 0.26693688
216, 0.00499326, 0.00669040, 0.37849836, 0.48233932, 0.38158657, 0.27156920
217, 0.00489023, 0.00920033, 0.38390272, 0.48060220, 0.38737695, 0.28372901
218, 0.00504662, 0.00753818, 0.38197259, 0.49102490, 0.38448176, 0.27041112
219, 0.00498752, 0.00721730, 0.37444509, 0.48407643, 0.36942675, 0.26983208
220, 0.00503149, 0.00752909, 0.38274464, 0.48986682, 0.38274464, 0.27562247
221, 0.00490996, 0.00769213, 0.37656823, 0.48233932, 0.37058483, 0.27678054
222, 0.00496457, 0.00669688, 0.37946342, 0.48465547, 0.36479444, 0.28894036
223, 0.00546366, 0.00726307, 0.37791932, 0.48349739, 0.37753329, 0.27272727
224, 0.00508273, 0.00679927, 0.38351670, 0.49681529, 0.37579618, 0.27793862
225, 0.00538936, 0.00681802, 0.37463810, 0.49392009, 0.37811233, 0.25188188
226, 0.00521791, 0.00748788, 0.37598919, 0.48812970, 0.38737695, 0.25246091
227, 0.00503169, 0.00850971, 0.37116387, 0.48407643, 0.37116387, 0.25825130
228, 0.00501797, 0.00654585, 0.36556649, 0.47539085, 0.36768964, 0.25361899
229, 0.00542719, 0.00754982, 0.36286431, 0.46902142, 0.37927041, 0.24030110
230, 0.00539165, 0.00725226, 0.37154989, 0.48176028, 0.37869137, 0.25419803
231, 0.00499994, 0.00748058, 0.37097086, 0.48176028, 0.38274464, 0.24840764
232, 0.00504012, 0.00672684, 0.37425207, 0.48812970, 0.38621888, 0.24840764
233, 0.00501285, 0.00737507, 0.37270797, 0.49102490, 0.38621888, 0.24088014
234, 0.00506025, 0.00683964, 0.36479444, 0.47654893, 0.37116387, 0.24667053
235, 0.00499151, 0.00625935, 0.36826867, 0.48581355, 0.36884771, 0.25014476
236, 0.00488922, 0.00689894, 0.36807566, 0.47539085, 0.37695426, 0.25188188
237, 0.00480442, 0.00688011, 0.37251496, 0.48523451, 0.37521714, 0.25709323
238, 0.00469608, 0.00699962, 0.37058483, 0.48060220, 0.37579618, 0.25535611
239, 0.00498510, 0.00801957, 0.36768964, 0.48002316, 0.37348002, 0.24956572
240, 0.00477349, 0.00686488, 0.36865470, 0.47133758, 0.38100753, 0.25361899
241, 0.00482345, 0.00661846, 0.36537348, 0.46902142, 0.37000579, 0.25709323
242, 0.00487034, 0.00749457, 0.36884771, 0.47423277, 0.36942675, 0.26288361
243, 0.00492187, 0.00753029, 0.36691758, 0.48233932, 0.35726694, 0.26114650
244, 0.00481293, 0.00715876, 0.36788265, 0.47596989, 0.36884771, 0.25883034
245, 0.00495627, 0.00639640, 0.37290098, 0.48465547, 0.37811233, 0.25593515
246, 0.00488326, 0.00761931, 0.37058483, 0.48465547, 0.37869137, 0.24840764
247, 0.00496144, 0.00798915, 0.36904073, 0.48523451, 0.37637522, 0.24551245
248, 0.00484562, 0.00772981, 0.36575951, 0.47770701, 0.37116387, 0.24840764
249, 0.00506670, 0.00675162, 0.36981278, 0.47944412, 0.37984945, 0.25014476
250, 0.00490919, 0.00683216, 0.36691758, 0.48118124, 0.37174291, 0.24782860
251, 0.00495054, 0.00615125, 0.36788265, 0.47191662, 0.37521714, 0.25651419
252, 0.00488065, 0.00659942, 0.37039182, 0.48523451, 0.37348002, 0.25246091
253, 0.00490977, 0.00611271, 0.36942675, 0.48002316, 0.36537348, 0.26288361
254, 0.00482913, 0.00663534, 0.37039182, 0.47423277, 0.38621888, 0.25072380
255, 0.00510685, 0.00759055, 0.36730361, 0.46844239, 0.37869137, 0.25477707
256, 0.00483529, 0.00682280, 0.36614553, 0.46612623, 0.37463810, 0.25767226
257, 0.00466814, 0.00679069, 0.36382938, 0.46265200, 0.37174291, 0.25709323
258, 0.00477241, 0.00691972, 0.36363636, 0.47133758, 0.35147655, 0.26809496
259, 0.00500365, 0.00764752, 0.36749662, 0.46670527, 0.36653156, 0.26925304
260, 0.00493487, 0.00782051, 0.36556649, 0.46438911, 0.36884771, 0.26346265
261, 0.00476822, 0.00705868, 0.36826867, 0.46786335, 0.36653156, 0.27041112
262, 0.00468743, 0.00836499, 0.36479444, 0.46960046, 0.37000579, 0.25477707
263, 0.00470532, 0.00631963, 0.36614553, 0.46612623, 0.37116387, 0.26114650
264, 0.00475877, 0.00677734, 0.37019880, 0.47133758, 0.37869137, 0.26056746
265, 0.00478639, 0.00693827, 0.37077784, 0.47770701, 0.37637522, 0.25825130
266, 0.00452801, 0.00651339, 0.37405906, 0.48233932, 0.38216561, 0.25767226
267, 0.00472202, 0.00747935, 0.37676124, 0.48176028, 0.38795599, 0.26056746
268, 0.00505783, 0.00857432, 0.37097086, 0.48755067, 0.37232195, 0.25303995
269, 0.00537027, 0.00836929, 0.37174291, 0.48291836, 0.38390272, 0.24840764
270, 0.00526542, 0.00690793, 0.37521714, 0.49334105, 0.39027215, 0.24203822
271, 0.00503961, 0.00850238, 0.37849836, 0.49623625, 0.39490446, 0.24435437
272, 0.00538058, 0.00724125, 0.37849836, 0.48928778, 0.39374638, 0.25246091
273, 0.00517604, 0.00831699, 0.37212893, 0.48697163, 0.38911407, 0.24030110
274, 0.00501560, 0.00867064, 0.38023548, 0.49449913, 0.39953677, 0.24667053
275, 0.00516271, 0.00790653, 0.37232195, 0.48176028, 0.38621888, 0.24898668
276, 0.00500136, 0.00691308, 0.37348002, 0.47770701, 0.39548350, 0.24724957
277, 0.00484936, 0.00761292, 0.37116387, 0.48581355, 0.37984945, 0.24782860
278, 0.00522264, 0.00673973, 0.37869137, 0.48639259, 0.39490446, 0.25477707
279, 0.00475757, 0.00703910, 0.38255163, 0.49797336, 0.39432542, 0.25535611
280, 0.00457873, 0.00666133, 0.37984945, 0.49739433, 0.38621888, 0.25593515
281, 0.00473040, 0.00733910, 0.38293766, 0.48870874, 0.39258830, 0.26751592
282, 0.00465336, 0.00716827, 0.37637522, 0.48233932, 0.37811233, 0.26867400
283, 0.00488867, 0.00745981, 0.37637522, 0.49044586, 0.37579618, 0.26288361
284, 0.00461699, 0.00631953, 0.37946342, 0.48986682, 0.38042849, 0.26809496
285, 0.00487959, 0.00726894, 0.37869137, 0.49102490, 0.37637522, 0.26867400
286, 0.00466026, 0.00781013, 0.37598919, 0.49449913, 0.36653156, 0.26693688
287, 0.00470855, 0.00713157, 0.37444509, 0.48986682, 0.37232195, 0.26114650
288, 0.00461232, 0.00727403, 0.37348002, 0.48523451, 0.37695426, 0.25825130
289, 0.00471112, 0.00690073, 0.37869137, 0.48755067, 0.37637522, 0.27214823
290, 0.00475116, 0.00681324, 0.37521714, 0.48581355, 0.37174291, 0.26809496
291, 0.00488769, 0.00714792, 0.37116387, 0.47944412, 0.36189925, 0.27214823
292, 0.00496763, 0.00695408, 0.37425207, 0.48986682, 0.37000579, 0.26288361
293, 0.00502234, 0.00781367, 0.37154989, 0.48581355, 0.37695426, 0.25188188
294, 0.00575337, 0.00795168, 0.36363636, 0.47886508, 0.36189925, 0.25014476
295, 0.00506946, 0.00632443, 0.36942675, 0.49160394, 0.36826867, 0.24840764
296, 0.00478184, 0.00753008, 0.37193592, 0.48928778, 0.37521714, 0.25130284
297, 0.00476962, 0.00767662, 0.36904073, 0.49044586, 0.36942675, 0.24724957
298, 0.00480189, 0.00654848, 0.37154989, 0.48639259, 0.38042849, 0.24782860
299, 0.00483152, 0.00677546, 0.37019880, 0.48233932, 0.37753329, 0.25072380
300, 0.00468917, 0.00632122, 0.37212893, 0.49623625, 0.37116387, 0.24898668
301, 0.00496809, 0.00649553, 0.37405906, 0.49160394, 0.38216561, 0.24840764
302, 0.00508105, 0.00794694, 0.37019880, 0.48812970, 0.37695426, 0.24551245
303, 0.00500756, 0.00613194, 0.36788265, 0.48581355, 0.37116387, 0.24667053
304, 0.00469907, 0.00620418, 0.36749662, 0.48291836, 0.37116387, 0.24840764
305, 0.00454501, 0.00656110, 0.36981278, 0.48523451, 0.37579618, 0.24840764
306, 0.00468391, 0.00658585, 0.36923374, 0.48060220, 0.37174291, 0.25535611
307, 0.00455247, 0.00756643, 0.36788265, 0.48118124, 0.36132021, 0.26114650
308, 0.00471724, 0.00751855, 0.37232195, 0.47886508, 0.37174291, 0.26635785
309, 0.00489816, 0.00711558, 0.37000579, 0.48349739, 0.37348002, 0.25303995
310, 0.00480865, 0.00673613, 0.36479444, 0.46960046, 0.37174291, 0.25303995
311, 0.00490533, 0.00666064, 0.36421540, 0.48176028, 0.36421540, 0.24667053
312, 0.00476419, 0.00680610, 0.36633854, 0.48523451, 0.36421540, 0.24956572
313, 0.00473065, 0.00658388, 0.36112720, 0.47365373, 0.36479444, 0.24493341
314, 0.00481248, 0.00628113, 0.36633854, 0.47481181, 0.37058483, 0.25361899
315, 0.00464452, 0.00655128, 0.36691758, 0.47886508, 0.37058483, 0.25130284
316, 0.00449937, 0.00781661, 0.36518047, 0.47828605, 0.37463810, 0.24261726
317, 0.00472661, 0.00634352, 0.36749662, 0.48407643, 0.37695426, 0.24145918
318, 0.00497449, 0.00697940, 0.36961976, 0.48060220, 0.37232195, 0.25593515
319, 0.00476256, 0.00755460, 0.36363636, 0.47307470, 0.36363636, 0.25419803
320, 0.00485811, 0.00644269, 0.36595252, 0.47249566, 0.36942675, 0.25593515
321, 0.00486578, 0.00678960, 0.36209226, 0.46207296, 0.36421540, 0.25998842
322, 0.00477784, 0.00656157, 0.36653156, 0.46844239, 0.36768964, 0.26346265
323, 0.00498915, 0.00618096, 0.36286431, 0.46381008, 0.36074117, 0.26404169
324, 0.00467870, 0.00684468, 0.36788265, 0.47133758, 0.36942675, 0.26288361
325, 0.00477956, 0.00718421, 0.36653156, 0.48002316, 0.35784598, 0.26172554
326, 0.00488660, 0.00677906, 0.36267130, 0.47654893, 0.35089751, 0.26056746
327, 0.00470861, 0.00771083, 0.37772631, 0.47886508, 0.38274464, 0.27156920
328, 0.00562887, 0.00604332, 0.36807566, 0.48291836, 0.36479444, 0.25651419
329, 0.00480235, 0.00634894, 0.36826867, 0.48755067, 0.36653156, 0.25072380
330, 0.00459655, 0.00660397, 0.36711060, 0.47886508, 0.36537348, 0.25709323
331, 0.00451953, 0.00660874, 0.36286431, 0.47596989, 0.35495078, 0.25767226
332, 0.00453096, 0.00734564, 0.36846169, 0.47654893, 0.36711060, 0.26172554
333, 0.00465634, 0.00818418, 0.36788265, 0.46960046, 0.37348002, 0.26056746
334, 0.00466249, 0.00676624, 0.36016213, 0.46265200, 0.35842501, 0.25940938
335, 0.00472098, 0.00656224, 0.37174291, 0.47770701, 0.36132021, 0.27620151
336, 0.00469148, 0.00599014, 0.36672457, 0.47539085, 0.36305732, 0.26172554
337, 0.00447673, 0.00681799, 0.36653156, 0.47654893, 0.36074117, 0.26230457
338, 0.00467146, 0.00654487, 0.36460143, 0.47249566, 0.35610886, 0.26519977
339, 0.00457820, 0.00642292, 0.36653156, 0.47654893, 0.35842501, 0.26462073
340, 0.00467435, 0.00680625, 0.36189925, 0.46960046, 0.35784598, 0.25825130
341, 0.00473408, 0.00692740, 0.36132021, 0.47423277, 0.35379270, 0.25593515
342, 0.00456481, 0.00879366, 0.36286431, 0.47828605, 0.36363636, 0.24667053
343, 0.00518938, 0.00957915, 0.35881104, 0.48118124, 0.35205559, 0.24319629
344, 0.00486192, 0.00689180, 0.35456476, 0.46844239, 0.34973943, 0.24551245
345, 0.00469374, 0.00745098, 0.35147655, 0.45975680, 0.34684424, 0.24782860
346, 0.00483031, 0.00672379, 0.35610886, 0.47539085, 0.35610886, 0.23682687
347, 0.00476803, 0.00740917, 0.35475777, 0.46902142, 0.35147655, 0.24377533
348, 0.00460315, 0.00635821, 0.35282764, 0.46670527, 0.34626520, 0.24551245
349, 0.00486553, 0.00633724, 0.35475777, 0.46554719, 0.35495078, 0.24377533
350, 0.00466231, 0.00623623, 0.35359969, 0.46265200, 0.35495078, 0.24319629
351, 0.00468025, 0.00581275, 0.34935341, 0.47075854, 0.35147655, 0.22582513
352, 0.00477225, 0.00651320, 0.35437174, 0.47133758, 0.36016213, 0.23161552
353, 0.00470763, 0.00657762, 0.35630187, 0.47075854, 0.36016213, 0.23798494
354, 0.00443620, 0.00784182, 0.35359969, 0.46554719, 0.36305732, 0.23219456
355, 0.00443549, 0.00727089, 0.35958309, 0.47886508, 0.36305732, 0.23682687
356, 0.00463668, 0.00635792, 0.36170623, 0.47365373, 0.36595252, 0.24551245
357, 0.00460491, 0.00875075, 0.35996912, 0.47539085, 0.35668790, 0.24782860
358, 0.00465320, 0.00652968, 0.35803899, 0.45512449, 0.36247829, 0.25651419
359, 0.00447577, 0.00564512, 0.36267130, 0.46786335, 0.37116387, 0.24898668
360, 0.00452177, 0.00628316, 0.36267130, 0.47365373, 0.36537348, 0.24898668
361, 0.00448953, 0.00672162, 0.36093418, 0.46554719, 0.35958309, 0.25767226
362, 0.00456257, 0.00681293, 0.36189925, 0.45975680, 0.37116387, 0.25477707
363, 0.00461388, 0.00661167, 0.35803899, 0.45686161, 0.36189925, 0.25535611
364, 0.00453063, 0.00625932, 0.35707392, 0.46323104, 0.35552982, 0.25246091
365, 0.00460356, 0.00607546, 0.35591585, 0.46612623, 0.35552982, 0.24609149
366, 0.00443645, 0.00660232, 0.36132021, 0.47133758, 0.36247829, 0.25014476
367, 0.00455668, 0.00661473, 0.36247829, 0.47307470, 0.36826867, 0.24609149
368, 0.00437455, 0.00692753, 0.36132021, 0.47249566, 0.35900405, 0.25246091
369, 0.00451195, 0.00751980, 0.36826867, 0.47017950, 0.37405906, 0.26056746
370, 0.00462296, 0.00618359, 0.36460143, 0.46554719, 0.36942675, 0.25883034
371, 0.00451646, 0.00621721, 0.36402239, 0.46554719, 0.36421540, 0.26230457
372, 0.00449005, 0.00632608, 0.36537348, 0.46728431, 0.36421540, 0.26462073
373, 0.00462033, 0.00644130, 0.36749662, 0.47191662, 0.36363636, 0.26693688
374, 0.00468306, 0.00765158, 0.36074117, 0.45801969, 0.36363636, 0.26056746
375, 0.00495341, 0.00761529, 0.35765296, 0.45628257, 0.36074117, 0.25593515
376, 0.00464792, 0.00674618, 0.35668790, 0.46033584, 0.35784598, 0.25188188
377, 0.00462065, 0.00644607, 0.36035514, 0.45686161, 0.36653156, 0.25767226
378, 0.00451012, 0.00616184, 0.36479444, 0.46786335, 0.36653156, 0.25998842
379, 0.00468921, 0.00630600, 0.36363636, 0.46381008, 0.37869137, 0.24840764
380, 0.00445609, 0.00577669, 0.36344335, 0.46670527, 0.37232195, 0.25130284
381, 0.00444455, 0.00615804, 0.36846169, 0.47307470, 0.37348002, 0.25883034
382, 0.00450191, 0.00623835, 0.36344335, 0.46960046, 0.37695426, 0.24377533
383, 0.00450408, 0.00636983, 0.36904073, 0.47017950, 0.38042849, 0.25651419
384, 0.00437478, 0.00742391, 0.36035514, 0.46496815, 0.37116387, 0.24493341
385, 0.00462839, 0.00712164, 0.36170623, 0.46323104, 0.35958309, 0.26230457
386, 0.00452912, 0.00673955, 0.35456476, 0.45975680, 0.34742328, 0.25651419
387, 0.00473653, 0.00872438, 0.35109052, 0.45107122, 0.34337001, 0.25883034
388, 0.00488054, 0.00647494, 0.35417873, 0.46438911, 0.33873770, 0.25940938
389, 0.00485390, 0.00640422, 0.36054816, 0.46554719, 0.35958309, 0.25651419
390, 0.00480789, 0.00663525, 0.35881104, 0.45744065, 0.35610886, 0.26288361
391, 0.00465370, 0.00640682, 0.35939008, 0.45165026, 0.37116387, 0.25535611
392, 0.00470047, 0.00675276, 0.36749662, 0.46786335, 0.36537348, 0.26925304
393, 0.00456761, 0.00634911, 0.36305732, 0.46844239, 0.35031847, 0.27041112
394, 0.00442125, 0.00611149, 0.35765296, 0.45975680, 0.34221193, 0.27099016
395, 0.00469892, 0.00664274, 0.35996912, 0.46381008, 0.35552982, 0.26056746
396, 0.00442935, 0.00585138, 0.36112720, 0.46670527, 0.35842501, 0.25825130
397, 0.00468122, 0.00706345, 0.36035514, 0.46786335, 0.35379270, 0.25940938
398, 0.00455415, 0.00696285, 0.35958309, 0.46033584, 0.36247829, 0.25593515
399, 0.00457658, 0.00615605, 0.35765296, 0.46091488, 0.36247829, 0.24956572
400, 0.00446551, 0.00607109, 0.36016213, 0.46844239, 0.36247829, 0.24956572
401, 0.00440619, 0.00676227, 0.36479444, 0.46786335, 0.37695426, 0.24956572
402, 0.00449578, 0.00618445, 0.36093418, 0.46323104, 0.36595252, 0.25361899
403, 0.00446507, 0.00677381, 0.36189925, 0.46207296, 0.37463810, 0.24898668
404, 0.00448270, 0.00635955, 0.36363636, 0.47133758, 0.36826867, 0.25130284
405, 0.00430019, 0.00655904, 0.36421540, 0.47017950, 0.37174291, 0.25072380
406, 0.00427212, 0.00609506, 0.36518047, 0.46323104, 0.37174291, 0.26056746
407, 0.00456618, 0.00754888, 0.36575951, 0.46844239, 0.36421540, 0.26462073
408, 0.00482843, 0.00633802, 0.36093418, 0.46091488, 0.36016213, 0.26172554
409, 0.00450432, 0.00673675, 0.35803899, 0.46438911, 0.35031847, 0.25940938
410, 0.00457001, 0.00617946, 0.36382938, 0.47075854, 0.36074117, 0.25998842
411, 0.00460787, 0.00622736, 0.36132021, 0.47075854, 0.35379270, 0.25940938
412, 0.00499715, 0.00733805, 0.35244161, 0.45975680, 0.35031847, 0.24724957
413, 0.00512520, 0.00672228, 0.36286431, 0.45975680, 0.37058483, 0.25825130
414, 0.00468247, 0.00782423, 0.35939008, 0.45280834, 0.37116387, 0.25419803
415, 0.00466506, 0.00752479, 0.36093418, 0.45744065, 0.37058483, 0.25477707
416, 0.00453794, 0.00659507, 0.36363636, 0.46786335, 0.36653156, 0.25651419
417, 0.00459844, 0.00652153, 0.35765296, 0.45917776, 0.36074117, 0.25303995
418, 0.00470222, 0.00720224, 0.36440842, 0.46149392, 0.37695426, 0.25477707
419, 0.00487572, 0.00715732, 0.36054816, 0.46033584, 0.36711060, 0.25419803
420, 0.00465828, 0.00744475, 0.35823200, 0.45280834, 0.37348002, 0.24840764
421, 0.00452393, 0.00627839, 0.36672457, 0.46381008, 0.38216561, 0.25419803
422, 0.00445782, 0.00577933, 0.36344335, 0.45512449, 0.38737695, 0.24782860
423, 0.00462712, 0.00662787, 0.36035514, 0.45628257, 0.37984945, 0.24493341
424, 0.00466992, 0.00606777, 0.35668790, 0.45049218, 0.37927041, 0.24030110
425, 0.00436027, 0.00657968, 0.36112720, 0.46149392, 0.38042849, 0.24145918
426, 0.00438786, 0.00600180, 0.36209226, 0.46323104, 0.38100753, 0.24203822
427, 0.00444966, 0.00671508, 0.35823200, 0.45454545, 0.37753329, 0.24261726
428, 0.00459301, 0.00697124, 0.36479444, 0.46438911, 0.38158657, 0.24840764
429, 0.00449491, 0.00683552, 0.36286431, 0.45975680, 0.38448176, 0.24435437
430, 0.00447092, 0.00684236, 0.36132021, 0.45744065, 0.38679792, 0.23972206
431, 0.00457103, 0.00732653, 0.35803899, 0.45512449, 0.37927041, 0.23972206
432, 0.00436133, 0.00694050, 0.36228527, 0.45512449, 0.39606254, 0.23566879
433, 0.00448170, 0.00669205, 0.36016213, 0.44933411, 0.38795599, 0.24319629
434, 0.00454633, 0.00625016, 0.35939008, 0.44354372, 0.39490446, 0.23972206
435, 0.00436615, 0.00599807, 0.35765296, 0.44643891, 0.39085119, 0.23566879
436, 0.00448430, 0.00737997, 0.35282764, 0.44470180, 0.38158657, 0.23219456
437, 0.00441295, 0.00714757, 0.35688091, 0.44817603, 0.38042849, 0.24203822
438, 0.00434173, 0.00620772, 0.36016213, 0.45280834, 0.38042849, 0.24724957
439, 0.00455247, 0.00677998, 0.35996912, 0.45744065, 0.37579618, 0.24667053
440, 0.00465470, 0.00664191, 0.35321367, 0.44470180, 0.37174291, 0.24319629
441, 0.00453104, 0.00655135, 0.35379270, 0.44643891, 0.38563984, 0.22929936
442, 0.00440853, 0.00589141, 0.35572283, 0.44585987, 0.38216561, 0.23914302
443, 0.00433670, 0.00714182, 0.35900405, 0.45917776, 0.37753329, 0.24030110
444, 0.00517871, 0.00776836, 0.36344335, 0.45744065, 0.39027215, 0.24261726
445, 0.00479937, 0.00710761, 0.35688091, 0.44701795, 0.37869137, 0.24493341
446, 0.00455334, 0.00815820, 0.36016213, 0.46033584, 0.37174291, 0.24840764
447, 0.00440958, 0.00683225, 0.35842501, 0.45165026, 0.38216561, 0.24145918
448, 0.00455636, 0.00731793, 0.35707392, 0.44354372, 0.37984945, 0.24782860
449, 0.00454907, 0.00708090, 0.35688091, 0.44701795, 0.38042849, 0.24319629
450, 0.00458175, 0.00604854, 0.35591585, 0.44643891, 0.38100753, 0.24030110
451, 0.00437537, 0.00676558, 0.35282764, 0.44180660, 0.37984945, 0.23682687
452, 0.00450912, 0.00724860, 0.35089751, 0.44643891, 0.36711060, 0.23914302
453, 0.00440088, 0.00674401, 0.35398572, 0.45396642, 0.37463810, 0.23335263
454, 0.00460050, 0.00672571, 0.35282764, 0.44701795, 0.37116387, 0.24030110
455, 0.00449128, 0.00613547, 0.35089751, 0.44122756, 0.37637522, 0.23508975
456, 0.00436745, 0.00702266, 0.35514379, 0.44470180, 0.38158657, 0.23914302
457, 0.00447644, 0.00662942, 0.35495078, 0.44759699, 0.37695426, 0.24030110
458, 0.00433407, 0.00592815, 0.35630187, 0.44701795, 0.38679792, 0.23508975
459, 0.00456641, 0.00635075, 0.35842501, 0.44875507, 0.38621888, 0.24030110
460, 0.00463891, 0.00622304, 0.35359969, 0.44238564, 0.38506080, 0.23335263
461, 0.00441823, 0.00617530, 0.35495078, 0.44817603, 0.38332368, 0.23335263
462, 0.00431000, 0.00664464, 0.35244161, 0.44585987, 0.37405906, 0.23740591
463, 0.00442958, 0.00707237, 0.35514379, 0.45628257, 0.38390272, 0.22524609
464, 0.00455542, 0.00664395, 0.34954642, 0.44238564, 0.37232195, 0.23393167
465, 0.00430955, 0.00641606, 0.35688091, 0.45222930, 0.37811233, 0.24030110
466, 0.00450907, 0.00658005, 0.35321367, 0.43891141, 0.37984945, 0.24088014
467, 0.00431729, 0.00653032, 0.35166956, 0.44180660, 0.37579618, 0.23740591
468, 0.00436659, 0.00668761, 0.34954642, 0.44122756, 0.37521714, 0.23219456
469, 0.00432175, 0.00622086, 0.35244161, 0.44643891, 0.37927041, 0.23161552
470, 0.00428562, 0.00705325, 0.35881104, 0.45107122, 0.38737695, 0.23798494
471, 0.00443891, 0.00669401, 0.35417873, 0.44354372, 0.38448176, 0.23451071
472, 0.00423417, 0.00636713, 0.36016213, 0.44875507, 0.39606254, 0.23566879
473, 0.00420830, 0.00552553, 0.35649489, 0.44470180, 0.38621888, 0.23856398
474, 0.00432089, 0.00679127, 0.35745995, 0.44817603, 0.37984945, 0.24435437
475, 0.00440984, 0.00652914, 0.36093418, 0.45107122, 0.39027215, 0.24145918
476, 0.00450557, 0.00674113, 0.35726694, 0.44412276, 0.39027215, 0.23740591
477, 0.00457020, 0.00746734, 0.35417873, 0.44296468, 0.38216561, 0.23740591
478, 0.00467262, 0.00662213, 0.36267130, 0.44875507, 0.38969311, 0.24956572
479, 0.00451077, 0.00639295, 0.35784598, 0.44122756, 0.38969311, 0.24261726
480, 0.00441011, 0.00575670, 0.35649489, 0.44354372, 0.37637522, 0.24956572
481, 0.00442502, 0.00651685, 0.35205559, 0.44528083, 0.37174291, 0.23914302
482, 0.00438821, 0.00632335, 0.35205559, 0.44122756, 0.37000579, 0.24493341
483, 0.00444037, 0.00704531, 0.35244161, 0.44064852, 0.36768964, 0.24898668
484, 0.00453745, 0.00685932, 0.35051148, 0.43717429, 0.37463810, 0.23972206
485, 0.00439686, 0.00670201, 0.35321367, 0.44064852, 0.36653156, 0.25246091
486, 0.00435581, 0.00627707, 0.35282764, 0.43601621, 0.37290098, 0.24956572
487, 0.00453572, 0.00672685, 0.35417873, 0.43370006, 0.37579618, 0.25303995
488, 0.00434888, 0.00722310, 0.35224860, 0.42617255, 0.37753329, 0.25303995
489, 0.00447938, 0.00670174, 0.35649489, 0.43659525, 0.37348002, 0.25940938
490, 0.00477957, 0.00672545, 0.35437174, 0.43138390, 0.37174291, 0.25998842
491, 0.00440638, 0.00611405, 0.35649489, 0.43427910, 0.37637522, 0.25883034
492, 0.00438831, 0.00617438, 0.35630187, 0.43949045, 0.37405906, 0.25535611
493, 0.00447840, 0.00617182, 0.35224860, 0.43833237, 0.36247829, 0.25593515
494, 0.00450510, 0.00725312, 0.35610886, 0.43370006, 0.37232195, 0.26230457
495, 0.00408659, 0.00611833, 0.35359969, 0.43312102, 0.37463810, 0.25303995
496, 0.00434033, 0.00566814, 0.35765296, 0.43543717, 0.38100753, 0.25651419
497, 0.00439971, 0.00610228, 0.35900405, 0.43891141, 0.38042849, 0.25767226
498, 0.00432122, 0.00622831, 0.35340668, 0.43601621, 0.37869137, 0.24551245
499, 0.00440562, 0.00570037, 0.35359969, 0.43949045, 0.36711060, 0.25419803
500, 0.00452065, 0.00689300, 0.36093418, 0.44296468, 0.38042849, 0.25940938
