#, train_loss, test_loss, test_acc_all, test_acc_C, test_acc_A, test_acc_F, train_acc_C, train_acc_A, train_acc_F
1, 0.05054187, 0.06998432, 0.96428571, 0.66666667, 1.00000000, 0.71428571, 0.20000000, 0.94736842, 0.95652174, 1.00000000
2, 0.04462594, 0.06022547, 0.98214286, 0.61111111, 0.83333333, 0.71428571, 0.20000000, 0.94736842, 1.00000000, 1.00000000
3, 0.04124290, 0.05831242, 0.96428571, 0.72222222, 0.83333333, 0.71428571, 0.40000000, 0.89473684, 1.00000000, 1.00000000
4, 0.03816670, 0.05107893, 0.96428571, 0.66666667, 0.83333333, 0.71428571, 0.40000000, 0.89473684, 1.00000000, 1.00000000
5, 0.03555312, 0.05365841, 0.96428571, 0.66666667, 0.83333333, 0.71428571, 0.40000000, 0.89473684, 1.00000000, 1.00000000
6, 0.03628170, 0.05397031, 1.00000000, 0.66666667, 0.83333333, 0.71428571, 0.40000000, 1.00000000, 1.00000000, 1.00000000
7, 0.03901556, 0.05019165, 0.96428571, 0.72222222, 0.83333333, 0.71428571, 0.40000000, 0.89473684, 1.00000000, 1.00000000
8, 0.03543384, 0.05489348, 0.96428571, 0.72222222, 0.83333333, 0.71428571, 0.60000000, 0.89473684, 1.00000000, 1.00000000
9, 0.03555889, 0.04922263, 0.96428571, 0.66666667, 0.83333333, 0.71428571, 0.40000000, 0.89473684, 1.00000000, 1.00000000
10, 0.03407533, 0.05311955, 0.98214286, 0.72222222, 1.00000000, 0.71428571, 0.40000000, 0.94736842, 1.00000000, 1.00000000
11, 0.03468145, 0.04366121, 0.98214286, 0.61111111, 0.83333333, 0.71428571, 0.20000000, 0.94736842, 1.00000000, 1.00000000
12, 0.03429501, 0.05814431, 0.98214286, 0.61111111, 0.83333333, 0.71428571, 0.20000000, 0.94736842, 1.00000000, 1.00000000
13, 0.03521252, 0.04666165, 0.98214286, 0.66666667, 1.00000000, 0.71428571, 0.20000000, 0.94736842, 1.00000000, 1.00000000
14, 0.03281292, 0.04601891, 0.96428571, 0.66666667, 1.00000000, 0.71428571, 0.20000000, 0.89473684, 1.00000000, 1.00000000
15, 0.03250654, 0.05257305, 0.98214286, 0.66666667, 1.00000000, 0.71428571, 0.20000000, 0.94736842, 1.00000000, 1.00000000
16, 0.03307762, 0.05092382, 0.98214286, 0.72222222, 1.00000000, 0.71428571, 0.20000000, 0.94736842, 1.00000000, 1.00000000
17, 0.03092353, 0.04840278, 0.96428571, 0.66666667, 1.00000000, 0.71428571, 0.20000000, 0.89473684, 1.00000000, 1.00000000
18, 0.03266021, 0.04414896, 0.98214286, 0.61111111, 0.83333333, 0.71428571, 0.20000000, 0.94736842, 1.00000000, 1.00000000
19, 0.02989873, 0.04500042, 0.98214286, 0.61111111, 0.83333333, 0.71428571, 0.20000000, 0.94736842, 1.00000000, 1.00000000
20, 0.02907229, 0.04939945, 0.98214286, 0.66666667, 0.83333333, 0.85714286, 0.20000000, 0.94736842, 1.00000000, 1.00000000
21, 0.03069444, 0.04453589, 0.96428571, 0.66666667, 0.83333333, 0.85714286, 0.20000000, 0.89473684, 1.00000000, 1.00000000
22, 0.02978797, 0.04708115, 0.96428571, 0.77777778, 1.00000000, 0.85714286, 0.20000000, 0.89473684, 1.00000000, 1.00000000
23, 0.03070769, 0.04648135, 0.98214286, 0.66666667, 0.83333333, 0.85714286, 0.20000000, 0.94736842, 1.00000000, 1.00000000
24, 0.03052139, 0.04947686, 0.96428571, 0.66666667, 0.83333333, 0.85714286, 0.20000000, 0.89473684, 1.00000000, 1.00000000
25, 0.02882199, 0.03998128, 0.96428571, 0.61111111, 0.66666667, 0.85714286, 0.20000000, 0.89473684, 1.00000000, 1.00000000
26, 0.02915916, 0.04455620, 0.96428571, 0.61111111, 0.66666667, 0.85714286, 0.20000000, 0.89473684, 1.00000000, 1.00000000
27, 0.02880562, 0.04713818, 0.96428571, 0.61111111, 0.66666667, 0.85714286, 0.20000000, 0.89473684, 1.00000000, 1.00000000
28, 0.03015926, 0.04421456, 0.96428571, 0.66666667, 0.83333333, 0.85714286, 0.20000000, 0.89473684, 1.00000000, 1.00000000
29, 0.02827607, 0.04526676, 0.96428571, 0.77777778, 1.00000000, 0.85714286, 0.20000000, 0.89473684, 1.00000000, 1.00000000
30, 0.02760838, 0.04650634, 0.96428571, 0.66666667, 0.83333333, 0.85714286, 0.20000000, 0.89473684, 1.00000000, 1.00000000
31, 0.02731572, 0.05434423, 0.96428571, 0.55555556, 0.66666667, 0.71428571, 0.20000000, 0.89473684, 1.00000000, 1.00000000
32, 0.02815184, 0.04397346, 0.96428571, 0.66666667, 1.00000000, 0.71428571, 0.20000000, 0.89473684, 1.00000000, 1.00000000
33, 0.02746253, 0.04142965, 0.98214286, 0.61111111, 0.83333333, 0.71428571, 0.20000000, 0.94736842, 1.00000000, 1.00000000
34, 0.02777358, 0.04622452, 0.96428571, 0.61111111, 0.83333333, 0.71428571, 0.20000000, 0.89473684, 0.95652174, 1.00000000
35, 0.02841193, 0.04347718, 0.96428571, 0.61111111, 0.83333333, 0.71428571, 0.20000000, 0.89473684, 0.95652174, 1.00000000
36, 0.02955191, 0.04958789, 0.96428571, 0.61111111, 0.83333333, 0.71428571, 0.20000000, 0.89473684, 1.00000000, 1.00000000
37, 0.03031224, 0.04710456, 1.00000000, 0.66666667, 0.83333333, 0.71428571, 0.40000000, 1.00000000, 1.00000000, 1.00000000
38, 0.02912741, 0.04703338, 0.98214286, 0.66666667, 0.83333333, 0.71428571, 0.40000000, 0.94736842, 0.95652174, 1.00000000
39, 0.02898136, 0.04514253, 0.96428571, 0.66666667, 0.83333333, 0.71428571, 0.20000000, 0.94736842, 0.95652174, 1.00000000
40, 0.02861385, 0.05238746, 0.94642857, 0.61111111, 0.83333333, 0.71428571, 0.20000000, 0.89473684, 0.95652174, 1.00000000
41, 0.02801711, 0.04758527, 0.96428571, 0.72222222, 1.00000000, 0.71428571, 0.40000000, 0.94736842, 0.95652174, 1.00000000
42, 0.02683189, 0.04749385, 0.98214286, 0.66666667, 0.83333333, 0.71428571, 0.40000000, 1.00000000, 0.95652174, 1.00000000
43, 0.02545811, 0.05077347, 0.98214286, 0.55555556, 0.66666667, 0.71428571, 0.20000000, 0.94736842, 0.95652174, 1.00000000
44, 0.02668556, 0.04408458, 0.94642857, 0.55555556, 0.66666667, 0.71428571, 0.20000000, 0.89473684, 0.95652174, 1.00000000
45, 0.02624920, 0.04404588, 0.96428571, 0.61111111, 0.83333333, 0.71428571, 0.20000000, 0.94736842, 0.95652174, 1.00000000
46, 0.02490654, 0.04002500, 0.94642857, 0.50000000, 0.50000000, 0.71428571, 0.20000000, 0.89473684, 0.95652174, 1.00000000
47, 0.02612301, 0.04520275, 0.96428571, 0.55555556, 0.66666667, 0.71428571, 0.20000000, 0.94736842, 0.95652174, 1.00000000
48, 0.02625120, 0.03900425, 0.96428571, 0.55555556, 0.66666667, 0.71428571, 0.20000000, 0.94736842, 0.95652174, 1.00000000
49, 0.02549924, 0.04328199, 0.96428571, 0.55555556, 0.66666667, 0.71428571, 0.20000000, 0.94736842, 0.95652174, 1.00000000
50, 0.02509642, 0.04455606, 0.94642857, 0.50000000, 0.50000000, 0.71428571, 0.20000000, 0.89473684, 0.95652174, 1.00000000
51, 0.02506464, 0.04635270, 0.98214286, 0.55555556, 0.66666667, 0.71428571, 0.20000000, 0.94736842, 0.95652174, 1.00000000
52, 0.02477560, 0.03782027, 0.98214286, 0.61111111, 0.83333333, 0.71428571, 0.20000000, 0.94736842, 1.00000000, 0.92857143
53, 0.02445895, 0.04408906, 0.96428571, 0.55555556, 0.66666667, 0.71428571, 0.20000000, 0.94736842, 0.95652174, 1.00000000
54, 0.02405281, 0.03552471, 0.96428571, 0.61111111, 0.83333333, 0.71428571, 0.20000000, 0.94736842, 0.95652174, 1.00000000
55, 0.02786707, 0.04432435, 0.96428571, 0.66666667, 1.00000000, 0.71428571, 0.20000000, 0.94736842, 0.95652174, 1.00000000
56, 0.02609133, 0.04483303, 0.94642857, 0.50000000, 0.50000000, 0.71428571, 0.20000000, 0.89473684, 0.95652174, 1.00000000
57, 0.02452643, 0.04111003, 0.96428571, 0.61111111, 0.83333333, 0.71428571, 0.20000000, 1.00000000, 0.95652174, 0.92857143
58, 0.02496133, 0.04327409, 0.92857143, 0.50000000, 0.50000000, 0.71428571, 0.20000000, 0.89473684, 0.95652174, 0.92857143
59, 0.02369236, 0.04470823, 0.98214286, 0.50000000, 0.50000000, 0.71428571, 0.20000000, 1.00000000, 0.95652174, 1.00000000
60, 0.02336990, 0.04169587, 0.98214286, 0.61111111, 0.83333333, 0.71428571, 0.20000000, 1.00000000, 0.95652174, 1.00000000
61, 0.02313881, 0.04115829, 0.98214286, 0.61111111, 0.83333333, 0.71428571, 0.20000000, 1.00000000, 0.95652174, 1.00000000
62, 0.02327036, 0.04056571, 0.96428571, 0.55555556, 0.66666667, 0.71428571, 0.20000000, 0.94736842, 0.95652174, 1.00000000
63, 0.02411081, 0.04384699, 0.96428571, 0.61111111, 0.83333333, 0.71428571, 0.20000000, 0.94736842, 0.95652174, 0.92857143
64, 0.02439372, 0.03282303, 0.94642857, 0.55555556, 0.66666667, 0.71428571, 0.20000000, 0.94736842, 0.95652174, 0.92857143
65, 0.02374124, 0.04334925, 0.96428571, 0.50000000, 0.50000000, 0.71428571, 0.20000000, 0.94736842, 0.95652174, 1.00000000
66, 0.02519300, 0.03783137, 0.98214286, 0.50000000, 0.50000000, 0.71428571, 0.20000000, 1.00000000, 0.95652174, 1.00000000
67, 0.02479743, 0.04006763, 0.96428571, 0.50000000, 0.50000000, 0.71428571, 0.20000000, 0.94736842, 0.95652174, 1.00000000
68, 0.02444369, 0.04012357, 0.96428571, 0.55555556, 0.66666667, 0.71428571, 0.20000000, 0.94736842, 0.95652174, 1.00000000
69, 0.02487987, 0.04854134, 0.96428571, 0.55555556, 0.66666667, 0.71428571, 0.20000000, 0.94736842, 0.95652174, 0.92857143
70, 0.02585183, 0.03859503, 0.94642857, 0.61111111, 0.83333333, 0.71428571, 0.20000000, 0.94736842, 0.95652174, 0.92857143
71, 0.02429830, 0.04252869, 0.96428571, 0.55555556, 0.66666667, 0.71428571, 0.20000000, 1.00000000, 0.95652174, 0.92857143
72, 0.02327114, 0.03894439, 0.96428571, 0.55555556, 0.66666667, 0.71428571, 0.20000000, 0.94736842, 0.95652174, 1.00000000
73, 0.02444607, 0.03831834, 0.96428571, 0.61111111, 0.83333333, 0.71428571, 0.20000000, 0.94736842, 0.95652174, 1.00000000
74, 0.02345600, 0.03969879, 0.96428571, 0.61111111, 0.83333333, 0.71428571, 0.20000000, 0.94736842, 0.95652174, 1.00000000
75, 0.02502461, 0.04284216, 0.96428571, 0.66666667, 1.00000000, 0.71428571, 0.20000000, 0.94736842, 0.95652174, 1.00000000
76, 0.02657042, 0.04870680, 0.94642857, 0.61111111, 0.83333333, 0.71428571, 0.20000000, 0.94736842, 0.95652174, 0.92857143
77, 0.02585960, 0.05153199, 0.94642857, 0.55555556, 0.66666667, 0.71428571, 0.20000000, 0.94736842, 0.95652174, 0.92857143
78, 0.02403052, 0.05149978, 0.96428571, 0.55555556, 0.66666667, 0.71428571, 0.20000000, 0.94736842, 0.95652174, 1.00000000
79, 0.02454409, 0.04785683, 0.96428571, 0.61111111, 0.83333333, 0.71428571, 0.20000000, 0.94736842, 0.95652174, 1.00000000
80, 0.02442679, 0.04300950, 0.98214286, 0.55555556, 0.66666667, 0.71428571, 0.20000000, 1.00000000, 0.95652174, 0.92857143
81, 0.02257102, 0.04302454, 0.94642857, 0.66666667, 0.83333333, 0.85714286, 0.20000000, 0.94736842, 0.95652174, 0.92857143
82, 0.02180432, 0.04091280, 0.96428571, 0.61111111, 0.66666667, 0.85714286, 0.20000000, 0.94736842, 0.95652174, 1.00000000
83, 0.02259101, 0.03795564, 0.94642857, 0.66666667, 0.83333333, 0.85714286, 0.20000000, 0.94736842, 0.95652174, 0.92857143
84, 0.02256546, 0.03617466, 0.96428571, 0.66666667, 0.83333333, 0.85714286, 0.20000000, 1.00000000, 0.95652174, 0.92857143
85, 0.02137286, 0.04101495, 0.96428571, 0.61111111, 0.66666667, 0.85714286, 0.20000000, 1.00000000, 0.95652174, 0.92857143
86, 0.02264878, 0.04013085, 0.96428571, 0.61111111, 0.83333333, 0.71428571, 0.20000000, 0.94736842, 0.95652174, 1.00000000
87, 0.02387592, 0.04306764, 0.96428571, 0.66666667, 0.83333333, 0.71428571, 0.20000000, 0.94736842, 0.95652174, 1.00000000
88, 0.02410730, 0.04041536, 0.98214286, 0.66666667, 0.83333333, 0.85714286, 0.20000000, 1.00000000, 0.95652174, 1.00000000
89, 0.02233627, 0.04040958, 0.96428571, 0.66666667, 0.83333333, 0.85714286, 0.20000000, 1.00000000, 0.95652174, 0.92857143
90, 0.02254374, 0.04650834, 0.94642857, 0.61111111, 0.66666667, 0.71428571, 0.20000000, 0.94736842, 0.95652174, 0.92857143
91, 0.02296848, 0.03855699, 0.96428571, 0.61111111, 0.83333333, 0.71428571, 0.20000000, 0.94736842, 0.95652174, 1.00000000
92, 0.02215370, 0.04795346, 0.94642857, 0.55555556, 0.50000000, 0.85714286, 0.20000000, 0.94736842, 0.95652174, 0.92857143
93, 0.02236493, 0.04527985, 0.96428571, 0.61111111, 0.66666667, 0.85714286, 0.20000000, 0.94736842, 0.95652174, 1.00000000
94, 0.02221275, 0.03833100, 0.94642857, 0.66666667, 0.83333333, 0.85714286, 0.20000000, 0.94736842, 0.95652174, 0.92857143
95, 0.02128708, 0.04126223, 0.96428571, 0.66666667, 0.83333333, 0.85714286, 0.20000000, 1.00000000, 0.95652174, 0.92857143
96, 0.02370023, 0.04341622, 0.96428571, 0.72222222, 1.00000000, 0.85714286, 0.20000000, 0.94736842, 0.95652174, 1.00000000
97, 0.02241241, 0.04392379, 0.96428571, 0.66666667, 0.83333333, 0.85714286, 0.20000000, 0.94736842, 0.95652174, 1.00000000
98, 0.02248773, 0.05146873, 0.94642857, 0.66666667, 0.83333333, 0.85714286, 0.20000000, 0.94736842, 0.95652174, 0.92857143
99, 0.02141890, 0.04851392, 0.94642857, 0.61111111, 0.66666667, 0.85714286, 0.20000000, 0.94736842, 0.95652174, 0.92857143
100, 0.02211788, 0.04209290, 0.94642857, 0.66666667, 0.83333333, 0.85714286, 0.20000000, 0.94736842, 0.95652174, 0.92857143
