#, train_loss, test_loss, test_acc_all, test_acc_C, test_acc_A, test_acc_F
1, 0.07478388, 0.04623545, 0.39218456, 0.45903955, 0.40254237, 0.31497175
2, 0.04711374, 0.04067327, 0.38512241, 0.42937853, 0.39689266, 0.32909605
3, 0.03518933, 0.03568930, 0.38559322, 0.43644068, 0.39406780, 0.32627119
4, 0.03062984, 0.03345023, 0.38182674, 0.43220339, 0.38841808, 0.32485876
5, 0.02874288, 0.03223104, 0.37758945, 0.43079096, 0.37429379, 0.32768362
6, 0.02605144, 0.03147990, 0.36911488, 0.42372881, 0.35593220, 0.32768362
7, 0.02440175, 0.02933076, 0.36487759, 0.42514124, 0.34039548, 0.32909605
8, 0.02286871, 0.02783289, 0.37005650, 0.44491525, 0.32627119, 0.33898305
9, 0.02232492, 0.02517017, 0.36629002, 0.43220339, 0.32909605, 0.33757062
10, 0.02071967, 0.02280088, 0.36534840, 0.43502825, 0.32627119, 0.33474576
11, 0.01918480, 0.02416878, 0.36581921, 0.42937853, 0.32909605, 0.33898305
12, 0.01916169, 0.02087020, 0.36817326, 0.43220339, 0.32909605, 0.34322034
13, 0.01815658, 0.02203926, 0.36676083, 0.44067797, 0.31779661, 0.34180791
14, 0.01769283, 0.01953972, 0.35781544, 0.42796610, 0.31779661, 0.32768362
15, 0.01707886, 0.01992325, 0.35546139, 0.41807910, 0.32203390, 0.32627119
16, 0.01700194, 0.01855629, 0.35499058, 0.40819209, 0.32062147, 0.33615819
17, 0.01670444, 0.01848623, 0.35546139, 0.40960452, 0.32909605, 0.32768362
18, 0.01633113, 0.01802124, 0.36299435, 0.41949153, 0.34039548, 0.32909605
19, 0.01590932, 0.01707844, 0.36111111, 0.42090395, 0.33474576, 0.32768362
20, 0.01575262, 0.01828906, 0.35781544, 0.41807910, 0.32627119, 0.32909605
21, 0.01605735, 0.01767452, 0.35969868, 0.42514124, 0.33192090, 0.32203390
22, 0.01570721, 0.01638618, 0.37146893, 0.44067797, 0.35734463, 0.31638418
23, 0.01523401, 0.01702592, 0.36205273, 0.42090395, 0.34887006, 0.31638418
24, 0.01528217, 0.01663535, 0.37476460, 0.44209040, 0.35875706, 0.32344633
25, 0.01516031, 0.01629315, 0.37005650, 0.42514124, 0.36440678, 0.32062147
26, 0.01445183, 0.01534397, 0.36817326, 0.43079096, 0.35875706, 0.31497175
27, 0.01457037, 0.01532638, 0.37429379, 0.44915254, 0.36581921, 0.30790960
28, 0.01441807, 0.01609153, 0.36111111, 0.42372881, 0.34322034, 0.31638418
29, 0.01451248, 0.01500697, 0.37005650, 0.42655367, 0.36016949, 0.32344633
30, 0.01417384, 0.01470370, 0.36676083, 0.42090395, 0.35028249, 0.32909605
31, 0.01385739, 0.01557311, 0.36817326, 0.42372881, 0.35875706, 0.32203390
32, 0.01424391, 0.01486518, 0.36723164, 0.43079096, 0.34604520, 0.32485876
33, 0.01366417, 0.01586353, 0.37382298, 0.42372881, 0.35875706, 0.33898305
34, 0.01391578, 0.01440925, 0.36911488, 0.42231638, 0.35310734, 0.33192090
35, 0.01365318, 0.01359308, 0.36958569, 0.42231638, 0.37429379, 0.31214689
36, 0.01376851, 0.01413429, 0.37241055, 0.43079096, 0.36581921, 0.32062147
37, 0.01316129, 0.01447151, 0.36958569, 0.42796610, 0.35593220, 0.32485876
38, 0.01359229, 0.01437385, 0.36629002, 0.42090395, 0.36440678, 0.31355932
39, 0.01387747, 0.01385677, 0.37193974, 0.42655367, 0.37429379, 0.31497175
40, 0.01372917, 0.01488859, 0.37146893, 0.42937853, 0.36581921, 0.31920904
41, 0.01307628, 0.01474348, 0.37241055, 0.43361582, 0.36299435, 0.32062147
42, 0.01307976, 0.01465883, 0.36299435, 0.41242938, 0.35028249, 0.32627119
43, 0.01421798, 0.01446961, 0.36581921, 0.42937853, 0.36299435, 0.30508475
44, 0.01368795, 0.01419227, 0.36346516, 0.41525424, 0.37005650, 0.30508475
45, 0.01408960, 0.01406288, 0.36629002, 0.43079096, 0.35169492, 0.31638418
46, 0.01403887, 0.01463519, 0.38088512, 0.44209040, 0.37853107, 0.32203390
47, 0.01308898, 0.01426498, 0.37288136, 0.45197740, 0.35451977, 0.31214689
48, 0.01350550, 0.01382574, 0.37806026, 0.44067797, 0.38135593, 0.31214689
49, 0.01301214, 0.01424477, 0.36581921, 0.42514124, 0.37288136, 0.29943503
50, 0.01343988, 0.01494531, 0.36487759, 0.42231638, 0.37005650, 0.30225989
51, 0.01297775, 0.01422208, 0.38041431, 0.44350282, 0.38276836, 0.31497175
52, 0.01318805, 0.01386143, 0.37429379, 0.43926554, 0.37853107, 0.30508475
53, 0.01287251, 0.01567415, 0.37241055, 0.42796610, 0.38841808, 0.30084746
54, 0.01241064, 0.01389266, 0.37523540, 0.43361582, 0.38559322, 0.30649718
55, 0.01277992, 0.01434965, 0.36770245, 0.42514124, 0.37570621, 0.30225989
56, 0.01305100, 0.01408284, 0.36770245, 0.43502825, 0.36158192, 0.30649718
57, 0.01308261, 0.01456353, 0.37193974, 0.43644068, 0.36581921, 0.31355932
58, 0.01243336, 0.01328449, 0.37052731, 0.43361582, 0.37853107, 0.29943503
59, 0.01225438, 0.01344376, 0.36817326, 0.44350282, 0.35593220, 0.30508475
60, 0.01345856, 0.01458026, 0.37241055, 0.45480226, 0.35451977, 0.30790960
61, 0.01280871, 0.01412321, 0.37900188, 0.45621469, 0.36440678, 0.31638418
62, 0.01317794, 0.01439629, 0.37711864, 0.44067797, 0.38700565, 0.30367232
63, 0.01318360, 0.01331800, 0.37476460, 0.43644068, 0.38559322, 0.30225989
64, 0.01300218, 0.01503249, 0.38465160, 0.45762712, 0.38418079, 0.31214689
65, 0.01314954, 0.01466561, 0.38135593, 0.45197740, 0.37711864, 0.31497175
66, 0.01307298, 0.01313162, 0.38465160, 0.45762712, 0.37711864, 0.31920904
67, 0.01214477, 0.01476493, 0.37900188, 0.46610169, 0.37146893, 0.29943503
68, 0.01264024, 0.01381630, 0.37429379, 0.45762712, 0.36440678, 0.30084746
69, 0.01211739, 0.01371118, 0.37664783, 0.45197740, 0.36864407, 0.30932203
70, 0.01162180, 0.01297327, 0.37758945, 0.45338983, 0.37429379, 0.30508475
71, 0.01201759, 0.01413185, 0.38135593, 0.47175141, 0.36723164, 0.30508475
72, 0.01221020, 0.01301672, 0.39124294, 0.47598870, 0.38841808, 0.30932203
73, 0.01336585, 0.01382227, 0.38606403, 0.46186441, 0.38841808, 0.30790960
74, 0.01258399, 0.01411119, 0.37994350, 0.46610169, 0.36723164, 0.30649718
75, 0.01261415, 0.01602066, 0.38041431, 0.45621469, 0.37146893, 0.31355932
76, 0.01225140, 0.01551993, 0.38794727, 0.46468927, 0.37853107, 0.32062147
77, 0.01198490, 0.01344949, 0.38465160, 0.47740113, 0.36158192, 0.31497175
78, 0.01228152, 0.01324353, 0.38418079, 0.48163842, 0.36016949, 0.31073446
79, 0.01207659, 0.01505780, 0.38370998, 0.47316384, 0.36016949, 0.31779661
80, 0.01200368, 0.01461618, 0.38794727, 0.47175141, 0.37429379, 0.31779661
81, 0.01208646, 0.01389354, 0.38088512, 0.48163842, 0.35169492, 0.30932203
82, 0.01245834, 0.01300269, 0.37758945, 0.47457627, 0.34745763, 0.31073446
83, 0.01152325, 0.01580188, 0.38182674, 0.47316384, 0.35028249, 0.32203390
84, 0.01237259, 0.01356142, 0.37853107, 0.46892655, 0.35593220, 0.31073446
85, 0.01339327, 0.01438396, 0.38135593, 0.47033898, 0.35451977, 0.31920904
86, 0.01285861, 0.01276616, 0.37241055, 0.46327684, 0.35451977, 0.29943503
87, 0.01232336, 0.01278249, 0.38088512, 0.46468927, 0.37288136, 0.30508475
88, 0.01176706, 0.01369622, 0.37758945, 0.46892655, 0.36440678, 0.29943503
89, 0.01348219, 0.01446398, 0.37711864, 0.46186441, 0.36440678, 0.30508475
90, 0.01276083, 0.01349941, 0.38135593, 0.45903955, 0.36299435, 0.32203390
91, 0.01283522, 0.01241019, 0.37429379, 0.45621469, 0.36299435, 0.30367232
92, 0.01213635, 0.01415342, 0.37476460, 0.44632768, 0.36723164, 0.31073446
93, 0.01273947, 0.01330605, 0.37711864, 0.45480226, 0.36299435, 0.31355932
94, 0.01287003, 0.01523482, 0.38323917, 0.45056497, 0.37994350, 0.31920904
95, 0.01284290, 0.01436746, 0.38276836, 0.45903955, 0.37288136, 0.31638418
96, 0.01291543, 0.01280401, 0.38229755, 0.45197740, 0.38135593, 0.31355932
97, 0.01168712, 0.01506232, 0.38135593, 0.44067797, 0.39265537, 0.31073446
98, 0.01256143, 0.01369026, 0.38182674, 0.44632768, 0.38418079, 0.31497175
99, 0.01287597, 0.01256957, 0.38559322, 0.45480226, 0.38418079, 0.31779661
100, 0.01213813, 0.01479310, 0.38182674, 0.45197740, 0.37853107, 0.31497175
101, 0.01213778, 0.01244156, 0.38465160, 0.45903955, 0.37994350, 0.31497175
102, 0.01224418, 0.01413006, 0.38088512, 0.45903955, 0.37853107, 0.30508475
103, 0.01143871, 0.01472465, 0.38700565, 0.46610169, 0.37994350, 0.31497175
104, 0.01191621, 0.01310133, 0.38041431, 0.45480226, 0.37711864, 0.30932203
105, 0.01201254, 0.01372182, 0.37099812, 0.45338983, 0.36440678, 0.29519774
106, 0.01186966, 0.01268623, 0.37758945, 0.45762712, 0.36581921, 0.30932203
107, 0.01169998, 0.01560277, 0.37523540, 0.45338983, 0.37146893, 0.30084746
108, 0.01198111, 0.01475703, 0.37853107, 0.46186441, 0.35734463, 0.31638418
109, 0.01260306, 0.01252310, 0.36629002, 0.43220339, 0.35734463, 0.30932203
110, 0.01165149, 0.01330622, 0.37005650, 0.44209040, 0.35875706, 0.30932203
111, 0.01280920, 0.01321197, 0.38276836, 0.46468927, 0.35593220, 0.32768362
112, 0.01139479, 0.01354747, 0.37429379, 0.45621469, 0.35169492, 0.31497175
113, 0.01153351, 0.01235920, 0.37523540, 0.46327684, 0.34039548, 0.32203390
114, 0.01192983, 0.01235558, 0.37052731, 0.46045198, 0.33050847, 0.32062147
115, 0.01156130, 0.01342757, 0.38229755, 0.46468927, 0.35734463, 0.32485876
116, 0.01154400, 0.01151736, 0.38512241, 0.46751412, 0.37288136, 0.31497175
117, 0.01196190, 0.01275461, 0.37382298, 0.44774011, 0.35734463, 0.31638418
118, 0.01150588, 0.01390104, 0.39077213, 0.47175141, 0.37853107, 0.32203390
119, 0.01280814, 0.01466198, 0.38418079, 0.44774011, 0.36299435, 0.34180791
120, 0.01187159, 0.01269591, 0.38512241, 0.44632768, 0.38135593, 0.32768362
121, 0.01093226, 0.01292415, 0.38794727, 0.45621469, 0.37853107, 0.32909605
122, 0.01149649, 0.01419570, 0.38841808, 0.46468927, 0.37994350, 0.32062147
123, 0.01127330, 0.01262765, 0.38841808, 0.46327684, 0.37853107, 0.32344633
124, 0.01130248, 0.01328331, 0.38135593, 0.45621469, 0.36723164, 0.32062147
125, 0.01116549, 0.01163900, 0.38182674, 0.46751412, 0.35310734, 0.32485876
126, 0.01146208, 0.01267834, 0.37853107, 0.47598870, 0.34887006, 0.31073446
127, 0.01135507, 0.01245612, 0.38559322, 0.47457627, 0.35875706, 0.32344633
128, 0.01166892, 0.01434139, 0.37193974, 0.46327684, 0.34180791, 0.31073446
129, 0.01155628, 0.01208594, 0.37570621, 0.46186441, 0.36299435, 0.30225989
130, 0.01100170, 0.01195249, 0.37711864, 0.44915254, 0.37005650, 0.31214689
131, 0.01130085, 0.01168014, 0.37711864, 0.45338983, 0.35875706, 0.31920904
132, 0.01117745, 0.01276219, 0.37617702, 0.45480226, 0.36299435, 0.31073446
133, 0.01189674, 0.01363348, 0.38418079, 0.46892655, 0.37005650, 0.31355932
134, 0.01106216, 0.01159510, 0.38041431, 0.45762712, 0.37005650, 0.31355932
135, 0.01144164, 0.01233322, 0.37335217, 0.45056497, 0.36864407, 0.30084746
136, 0.01104969, 0.01269485, 0.37382298, 0.46186441, 0.36158192, 0.29802260
137, 0.01083599, 0.01191178, 0.37711864, 0.44774011, 0.37005650, 0.31355932
138, 0.01076454, 0.01200060, 0.37335217, 0.45197740, 0.35875706, 0.30932203
139, 0.01108063, 0.01313430, 0.37476460, 0.45480226, 0.36016949, 0.30932203
140, 0.01023973, 0.01198009, 0.37335217, 0.45762712, 0.36016949, 0.30225989
141, 0.01099327, 0.01191892, 0.37429379, 0.46045198, 0.35875706, 0.30367232
142, 0.01124777, 0.01308960, 0.38041431, 0.46610169, 0.35169492, 0.32344633
143, 0.01110706, 0.01332682, 0.37382298, 0.46610169, 0.34322034, 0.31214689
144, 0.01167049, 0.01233402, 0.37382298, 0.47457627, 0.33333333, 0.31355932
145, 0.01097893, 0.01267947, 0.38418079, 0.48305085, 0.35451977, 0.31497175
146, 0.01045029, 0.01205273, 0.37664783, 0.47740113, 0.33898305, 0.31355932
147, 0.01069943, 0.01126110, 0.37570621, 0.47175141, 0.34180791, 0.31355932
148, 0.01082886, 0.01188512, 0.37382298, 0.46751412, 0.35028249, 0.30367232
149, 0.01066427, 0.01185181, 0.37947269, 0.46610169, 0.36440678, 0.30790960
150, 0.01063651, 0.01198610, 0.38559322, 0.47740113, 0.36299435, 0.31638418
151, 0.01099420, 0.01211591, 0.37288136, 0.45621469, 0.35310734, 0.30932203
152, 0.01062287, 0.01177851, 0.36911488, 0.44491525, 0.34887006, 0.31355932
153, 0.01048415, 0.01302815, 0.37617702, 0.46327684, 0.35593220, 0.30932203
154, 0.01032441, 0.01249976, 0.38041431, 0.47457627, 0.35734463, 0.30932203
155, 0.01082017, 0.01071171, 0.38653484, 0.48022599, 0.35875706, 0.32062147
156, 0.01057408, 0.01192945, 0.38323917, 0.46892655, 0.35875706, 0.32203390
157, 0.01094803, 0.01385216, 0.38700565, 0.46751412, 0.35593220, 0.33757062
158, 0.01037883, 0.01161441, 0.37853107, 0.45903955, 0.35734463, 0.31920904
159, 0.01146816, 0.01179956, 0.35969868, 0.44491525, 0.33192090, 0.30225989
160, 0.01105204, 0.01178008, 0.36299435, 0.44915254, 0.32909605, 0.31073446
161, 0.01065602, 0.01252304, 0.36864407, 0.46045198, 0.32909605, 0.31638418
162, 0.01029097, 0.01117014, 0.36723164, 0.45621469, 0.32203390, 0.32344633
163, 0.01030876, 0.01187688, 0.36676083, 0.46186441, 0.32203390, 0.31638418
164, 0.01111083, 0.01243895, 0.36158192, 0.44209040, 0.32768362, 0.31497175
165, 0.01065530, 0.01110421, 0.37099812, 0.44350282, 0.34887006, 0.32062147
166, 0.01066109, 0.01097552, 0.37099812, 0.44915254, 0.34039548, 0.32344633
167, 0.01003574, 0.01138401, 0.37711864, 0.44774011, 0.35734463, 0.32627119
168, 0.01000732, 0.01083454, 0.37005650, 0.44774011, 0.34745763, 0.31497175
169, 0.01049674, 0.01130236, 0.36864407, 0.44774011, 0.34039548, 0.31779661
170, 0.01033859, 0.01355254, 0.37758945, 0.46186441, 0.35169492, 0.31920904
171, 0.01046298, 0.01229112, 0.37617702, 0.46186441, 0.35028249, 0.31638418
172, 0.01017908, 0.01096049, 0.37052731, 0.45762712, 0.34322034, 0.31073446
173, 0.00993530, 0.01097340, 0.37241055, 0.45621469, 0.34745763, 0.31355932
174, 0.00977746, 0.01086104, 0.37382298, 0.45197740, 0.34887006, 0.32062147
175, 0.01026943, 0.01103686, 0.36629002, 0.45903955, 0.33615819, 0.30367232
176, 0.01000631, 0.01245996, 0.37005650, 0.45621469, 0.34322034, 0.31073446
177, 0.00972498, 0.01064181, 0.37052731, 0.46186441, 0.34322034, 0.30649718
178, 0.00971326, 0.01090577, 0.37429379, 0.47033898, 0.33615819, 0.31638418
179, 0.00997178, 0.01175314, 0.37335217, 0.47175141, 0.34039548, 0.30790960
180, 0.01035397, 0.01312957, 0.37570621, 0.46892655, 0.34180791, 0.31638418
181, 0.01042645, 0.01324485, 0.36817326, 0.45762712, 0.32909605, 0.31779661
182, 0.00968040, 0.01046463, 0.37429379, 0.45480226, 0.33615819, 0.33192090
183, 0.00990116, 0.01066579, 0.37711864, 0.45056497, 0.35169492, 0.32909605
184, 0.00968061, 0.00998196, 0.37288136, 0.46327684, 0.32627119, 0.32909605
185, 0.01047961, 0.01286339, 0.36487759, 0.45762712, 0.32203390, 0.31497175
186, 0.01015323, 0.01143022, 0.36581921, 0.46751412, 0.31214689, 0.31779661
187, 0.01033654, 0.01222817, 0.37099812, 0.45338983, 0.33333333, 0.32627119
188, 0.00965380, 0.01032092, 0.36393597, 0.45480226, 0.31214689, 0.32485876
189, 0.00959443, 0.01064073, 0.36205273, 0.46045198, 0.30932203, 0.31638418
190, 0.00975051, 0.01225344, 0.37099812, 0.47457627, 0.31638418, 0.32203390
191, 0.01045868, 0.01050477, 0.36770245, 0.45197740, 0.33050847, 0.32062147
192, 0.00996445, 0.01101767, 0.37335217, 0.45197740, 0.33192090, 0.33615819
193, 0.00976591, 0.01108936, 0.36487759, 0.44350282, 0.32203390, 0.32909605
194, 0.00963964, 0.01679896, 0.36864407, 0.45338983, 0.32203390, 0.33050847
195, 0.00960786, 0.01254777, 0.37523540, 0.46610169, 0.33050847, 0.32909605
196, 0.01004253, 0.01086230, 0.36487759, 0.44915254, 0.31638418, 0.32909605
197, 0.00976296, 0.01188490, 0.36723164, 0.45621469, 0.31497175, 0.33050847
198, 0.01047409, 0.01177858, 0.36958569, 0.45621469, 0.32627119, 0.32627119
199, 0.01025082, 0.01087478, 0.37193974, 0.46186441, 0.33050847, 0.32344633
200, 0.00949437, 0.01134451, 0.36676083, 0.45056497, 0.31920904, 0.33050847
201, 0.00937248, 0.01117131, 0.36487759, 0.45056497, 0.31920904, 0.32485876
202, 0.01015730, 0.01182802, 0.37382298, 0.46045198, 0.32768362, 0.33333333
203, 0.01013494, 0.01252321, 0.36158192, 0.44067797, 0.31779661, 0.32627119
204, 0.01043845, 0.01025224, 0.37146893, 0.46186441, 0.33050847, 0.32203390
205, 0.01017497, 0.01285252, 0.36346516, 0.44632768, 0.32627119, 0.31779661
206, 0.01164008, 0.01379607, 0.36911488, 0.44774011, 0.34604520, 0.31355932
207, 0.01061598, 0.01177247, 0.36299435, 0.45903955, 0.32344633, 0.30649718
208, 0.00997363, 0.01129926, 0.36958569, 0.46045198, 0.34180791, 0.30649718
209, 0.00990474, 0.01069725, 0.37193974, 0.45762712, 0.33757062, 0.32062147
210, 0.00956987, 0.01132607, 0.36817326, 0.47033898, 0.32627119, 0.30790960
211, 0.00943880, 0.01067142, 0.36534840, 0.45197740, 0.33757062, 0.30649718
212, 0.00951804, 0.00977146, 0.36346516, 0.46045198, 0.31214689, 0.31779661
213, 0.00935066, 0.01115899, 0.36252354, 0.46045198, 0.31214689, 0.31497175
214, 0.01059801, 0.01214046, 0.37664783, 0.48446328, 0.34039548, 0.30508475
215, 0.01051834, 0.01262257, 0.37476460, 0.47175141, 0.33757062, 0.31497175
216, 0.01087631, 0.01421431, 0.36534840, 0.46751412, 0.32768362, 0.30084746
217, 0.01004715, 0.01013118, 0.37853107, 0.48022599, 0.34180791, 0.31355932
218, 0.00948486, 0.01008704, 0.37146893, 0.46045198, 0.33757062, 0.31638418
219, 0.00952336, 0.00973775, 0.37241055, 0.46610169, 0.34322034, 0.30790960
220, 0.00971108, 0.01097892, 0.37288136, 0.46327684, 0.33474576, 0.32062147
221, 0.00939556, 0.01080140, 0.37193974, 0.46751412, 0.32909605, 0.31920904
222, 0.00895499, 0.01085160, 0.37476460, 0.47175141, 0.32768362, 0.32485876
223, 0.01012544, 0.01143291, 0.36958569, 0.46751412, 0.32627119, 0.31497175
224, 0.00985961, 0.01125523, 0.36817326, 0.46186441, 0.33333333, 0.30932203
225, 0.01007423, 0.01027120, 0.36346516, 0.45762712, 0.32344633, 0.30932203
226, 0.00989350, 0.01076690, 0.37146893, 0.45621469, 0.33757062, 0.32062147
227, 0.00924702, 0.00958048, 0.36770245, 0.45762712, 0.33333333, 0.31214689
228, 0.00940579, 0.01021066, 0.36817326, 0.47175141, 0.32768362, 0.30508475
229, 0.00905182, 0.00961636, 0.37523540, 0.48305085, 0.32909605, 0.31355932
230, 0.00908236, 0.01085879, 0.37193974, 0.48446328, 0.32344633, 0.30790960
231, 0.00931396, 0.01214505, 0.36487759, 0.46892655, 0.32627119, 0.29943503
232, 0.00940069, 0.01058604, 0.37335217, 0.47881356, 0.34039548, 0.30084746
233, 0.00946665, 0.01055123, 0.36534840, 0.46327684, 0.32909605, 0.30367232
234, 0.00927813, 0.01230371, 0.37429379, 0.47740113, 0.34604520, 0.29943503
235, 0.00926813, 0.01002545, 0.37288136, 0.48022599, 0.33898305, 0.29943503
236, 0.00970453, 0.01017573, 0.36676083, 0.48163842, 0.31779661, 0.30084746
237, 0.00888795, 0.00902615, 0.36629002, 0.45762712, 0.33757062, 0.30367232
238, 0.00909303, 0.00998042, 0.36629002, 0.46327684, 0.33192090, 0.30367232
239, 0.00895995, 0.01404988, 0.37711864, 0.47175141, 0.35028249, 0.30932203
240, 0.00946330, 0.01017209, 0.37005650, 0.47316384, 0.33474576, 0.30225989
241, 0.00980142, 0.01159261, 0.37476460, 0.48446328, 0.33757062, 0.30225989
242, 0.00928187, 0.01051152, 0.37711864, 0.49152542, 0.34604520, 0.29378531
243, 0.00882749, 0.01125963, 0.37382298, 0.48305085, 0.34463277, 0.29378531
244, 0.00888224, 0.00959945, 0.37146893, 0.46892655, 0.34039548, 0.30508475
245, 0.00878151, 0.01193524, 0.36817326, 0.47175141, 0.33192090, 0.30084746
246, 0.00967887, 0.01091746, 0.37288136, 0.47175141, 0.33333333, 0.31355932
247, 0.00961315, 0.01144914, 0.37664783, 0.47316384, 0.34180791, 0.31497175
248, 0.00856079, 0.01050531, 0.37429379, 0.46751412, 0.34887006, 0.30649718
249, 0.00884630, 0.01001793, 0.37193974, 0.46327684, 0.34180791, 0.31073446
250, 0.00901873, 0.01084659, 0.37335217, 0.47033898, 0.34604520, 0.30367232
251, 0.00904976, 0.01135284, 0.36958569, 0.46186441, 0.33757062, 0.30932203
252, 0.00969271, 0.01322755, 0.37193974, 0.45903955, 0.33898305, 0.31779661
253, 0.00984331, 0.01011723, 0.36581921, 0.45338983, 0.34887006, 0.29519774
254, 0.00912962, 0.01020950, 0.37193974, 0.46186441, 0.34887006, 0.30508475
255, 0.00882897, 0.00973332, 0.37005650, 0.45762712, 0.35169492, 0.30084746
256, 0.00874316, 0.00944653, 0.36676083, 0.45480226, 0.34322034, 0.30225989
257, 0.00874485, 0.00887066, 0.36864407, 0.46186441, 0.33333333, 0.31073446
258, 0.00892400, 0.01064920, 0.36440678, 0.44774011, 0.33333333, 0.31214689
259, 0.00927077, 0.01040503, 0.35593220, 0.45480226, 0.29943503, 0.31355932
260, 0.00919353, 0.01195702, 0.36016949, 0.45480226, 0.31214689, 0.31355932
261, 0.00899007, 0.01000482, 0.35687382, 0.46186441, 0.30367232, 0.30508475
262, 0.00936741, 0.01169989, 0.36205273, 0.46751412, 0.31497175, 0.30367232
263, 0.00886217, 0.01111760, 0.35828625, 0.45621469, 0.31497175, 0.30367232
264, 0.00880480, 0.00993956, 0.35781544, 0.44915254, 0.31638418, 0.30790960
265, 0.00857858, 0.01004952, 0.36299435, 0.45903955, 0.31638418, 0.31355932
266, 0.00932614, 0.01005181, 0.35828625, 0.46186441, 0.31779661, 0.29519774
267, 0.00867990, 0.01204971, 0.35310734, 0.45056497, 0.31214689, 0.29661017
268, 0.00889109, 0.00957214, 0.36346516, 0.46045198, 0.31497175, 0.31497175
269, 0.00904554, 0.01041022, 0.35404896, 0.44774011, 0.31073446, 0.30367232
270, 0.00864844, 0.01015076, 0.35028249, 0.43361582, 0.31497175, 0.30225989
271, 0.00861668, 0.01140939, 0.35969868, 0.45480226, 0.32062147, 0.30367232
272, 0.00912493, 0.01039046, 0.36581921, 0.45762712, 0.33192090, 0.30790960
273, 0.00931459, 0.00972247, 0.36629002, 0.46186441, 0.32627119, 0.31073446
274, 0.00885646, 0.00921834, 0.36252354, 0.45338983, 0.31920904, 0.31497175
275, 0.00864772, 0.01019535, 0.35969868, 0.46610169, 0.30649718, 0.30649718
276, 0.00844631, 0.00963162, 0.35828625, 0.44774011, 0.31497175, 0.31214689
277, 0.00879295, 0.00977532, 0.35310734, 0.44774011, 0.30225989, 0.30932203
278, 0.00909539, 0.00939287, 0.36346516, 0.45480226, 0.32062147, 0.31497175
279, 0.00924004, 0.01005876, 0.35499058, 0.44067797, 0.32062147, 0.30367232
280, 0.00908754, 0.00932920, 0.35828625, 0.45621469, 0.31355932, 0.30508475
281, 0.00860120, 0.00987168, 0.35216573, 0.45338983, 0.29802260, 0.30508475
282, 0.00876315, 0.01019685, 0.35216573, 0.44915254, 0.30508475, 0.30225989
283, 0.00881472, 0.00948447, 0.35357815, 0.45056497, 0.29802260, 0.31214689
284, 0.00881480, 0.00933163, 0.35687382, 0.46045198, 0.31497175, 0.29519774
285, 0.00860280, 0.01024082, 0.35640301, 0.45056497, 0.31497175, 0.30367232
286, 0.00919268, 0.01355699, 0.35593220, 0.45056497, 0.31497175, 0.30225989
287, 0.00857695, 0.01059953, 0.35122411, 0.45056497, 0.30225989, 0.30084746
288, 0.00864032, 0.00951140, 0.35122411, 0.44209040, 0.31073446, 0.30084746
289, 0.00842017, 0.01122184, 0.35075330, 0.44350282, 0.30508475, 0.30367232
290, 0.00903771, 0.01058972, 0.34839925, 0.44209040, 0.29802260, 0.30508475
291, 0.00858902, 0.01049944, 0.35216573, 0.44350282, 0.30084746, 0.31214689
292, 0.00871184, 0.01086462, 0.35828625, 0.45480226, 0.30367232, 0.31638418
293, 0.00900793, 0.01004312, 0.34981168, 0.43502825, 0.30225989, 0.31214689
294, 0.00868558, 0.00940034, 0.34274953, 0.43079096, 0.29096045, 0.30649718
295, 0.00846817, 0.00892838, 0.33851224, 0.41807910, 0.29237288, 0.30508475
296, 0.00819686, 0.00873127, 0.33945386, 0.41807910, 0.29237288, 0.30790960
297, 0.00824434, 0.00996524, 0.33898305, 0.41525424, 0.29237288, 0.30932203
298, 0.00837925, 0.01114342, 0.33898305, 0.41242938, 0.29378531, 0.31073446
299, 0.00859616, 0.01033729, 0.33851224, 0.41807910, 0.28672316, 0.31073446
300, 0.00896463, 0.01134186, 0.34039548, 0.40960452, 0.29802260, 0.31355932
301, 0.00896989, 0.01075255, 0.34369115, 0.42090395, 0.29237288, 0.31779661
302, 0.00856058, 0.01016142, 0.34745763, 0.43361582, 0.29237288, 0.31638418
303, 0.00881065, 0.00965077, 0.35028249, 0.44774011, 0.28531073, 0.31779661
304, 0.00824645, 0.00949730, 0.35028249, 0.44209040, 0.29237288, 0.31638418
305, 0.00833146, 0.01004278, 0.34698682, 0.42796610, 0.29519774, 0.31779661
306, 0.00842834, 0.00947659, 0.34698682, 0.43785311, 0.29096045, 0.31214689
307, 0.00890757, 0.01082508, 0.33851224, 0.42090395, 0.27824859, 0.31638418
308, 0.00910803, 0.00964257, 0.34839925, 0.42514124, 0.29519774, 0.32485876
309, 0.00817072, 0.00953007, 0.34745763, 0.40960452, 0.30649718, 0.32627119
310, 0.00910884, 0.01117400, 0.34463277, 0.40960452, 0.29096045, 0.33333333
311, 0.00917727, 0.01399407, 0.35781544, 0.43361582, 0.30932203, 0.33050847
312, 0.00893628, 0.01017253, 0.35263653, 0.43079096, 0.30508475, 0.32203390
313, 0.00891133, 0.01115591, 0.35122411, 0.42796610, 0.30084746, 0.32485876
314, 0.00936942, 0.01064148, 0.35028249, 0.42514124, 0.30225989, 0.32344633
315, 0.00876959, 0.00979803, 0.34416196, 0.42231638, 0.30367232, 0.30649718
316, 0.00901816, 0.01215511, 0.34745763, 0.41807910, 0.30932203, 0.31497175
317, 0.00865404, 0.01017024, 0.34416196, 0.42231638, 0.28954802, 0.32062147
318, 0.00810228, 0.01034320, 0.34557439, 0.42372881, 0.29378531, 0.31920904
319, 0.00831304, 0.01053703, 0.35122411, 0.43220339, 0.30225989, 0.31920904
320, 0.00897286, 0.01002298, 0.34792844, 0.42372881, 0.29378531, 0.32627119
321, 0.00819158, 0.00993786, 0.34745763, 0.42372881, 0.30084746, 0.31779661
322, 0.00817881, 0.00953170, 0.35263653, 0.42937853, 0.31497175, 0.31355932
323, 0.00862030, 0.00897652, 0.34557439, 0.43079096, 0.29237288, 0.31355932
324, 0.00834512, 0.01128111, 0.34981168, 0.42937853, 0.30367232, 0.31638418
325, 0.00804418, 0.01066148, 0.34887006, 0.42372881, 0.30367232, 0.31920904
326, 0.00859266, 0.01444602, 0.35075330, 0.41949153, 0.30649718, 0.32627119
327, 0.00925606, 0.01072572, 0.35169492, 0.42655367, 0.31355932, 0.31497175
328, 0.00889954, 0.00933829, 0.35546139, 0.42937853, 0.31073446, 0.32627119
329, 0.00842396, 0.00986334, 0.35169492, 0.42372881, 0.31497175, 0.31638418
330, 0.00817422, 0.00906727, 0.34227872, 0.42231638, 0.29661017, 0.30790960
331, 0.00883576, 0.01085887, 0.34416196, 0.39406780, 0.33050847, 0.30790960
332, 0.00912970, 0.00984615, 0.34557439, 0.41242938, 0.31214689, 0.31214689
333, 0.00916041, 0.01500150, 0.34934087, 0.41384181, 0.31638418, 0.31779661
334, 0.00945759, 0.00977174, 0.34604520, 0.40960452, 0.31073446, 0.31779661
335, 0.00875290, 0.00974447, 0.34604520, 0.40960452, 0.29802260, 0.33050847
336, 0.00817788, 0.00859999, 0.34698682, 0.41101695, 0.29661017, 0.33333333
337, 0.00826653, 0.00941751, 0.34086629, 0.41384181, 0.29096045, 0.31779661
338, 0.00831395, 0.00985004, 0.34180791, 0.41242938, 0.29519774, 0.31779661
339, 0.00840779, 0.01016709, 0.34322034, 0.40395480, 0.30649718, 0.31920904
340, 0.00833095, 0.00895090, 0.34604520, 0.40677966, 0.30225989, 0.32909605
341, 0.00874803, 0.00906050, 0.33709981, 0.40254237, 0.29237288, 0.31638418
342, 0.00828325, 0.00909014, 0.33992467, 0.41807910, 0.28531073, 0.31638418
343, 0.00854720, 0.01158786, 0.34180791, 0.40960452, 0.30084746, 0.31497175
344, 0.00864246, 0.00968027, 0.34133710, 0.40960452, 0.28672316, 0.32768362
345, 0.00821711, 0.00888046, 0.34416196, 0.41525424, 0.29378531, 0.32344633
346, 0.00789305, 0.00840013, 0.34274953, 0.42090395, 0.28813559, 0.31920904
347, 0.00811817, 0.00913350, 0.34463277, 0.42231638, 0.30508475, 0.30649718
348, 0.00839616, 0.01177137, 0.33757062, 0.41525424, 0.28813559, 0.30932203
349, 0.00937821, 0.01346555, 0.35263653, 0.41666667, 0.31920904, 0.32203390
350, 0.00891970, 0.00942439, 0.33992467, 0.42231638, 0.30367232, 0.29378531
351, 0.00842725, 0.00927133, 0.34133710, 0.42090395, 0.29943503, 0.30367232
352, 0.00817862, 0.00883473, 0.33945386, 0.41242938, 0.30790960, 0.29802260
353, 0.00813920, 0.00950661, 0.34557439, 0.42514124, 0.30649718, 0.30508475
354, 0.00855844, 0.00983528, 0.33474576, 0.41242938, 0.29096045, 0.30084746
355, 0.00802701, 0.00938899, 0.33804143, 0.41525424, 0.29378531, 0.30508475
356, 0.00845840, 0.01111024, 0.33427495, 0.40819209, 0.28107345, 0.31355932
357, 0.00886137, 0.00884329, 0.33145009, 0.40112994, 0.28389831, 0.30932203
358, 0.00832003, 0.01084680, 0.33192090, 0.40677966, 0.28107345, 0.30790960
359, 0.00800974, 0.00973611, 0.33050847, 0.39830508, 0.27966102, 0.31355932
360, 0.00811561, 0.00850816, 0.33380414, 0.39689266, 0.28672316, 0.31779661
361, 0.00805363, 0.00862159, 0.32956685, 0.38983051, 0.28672316, 0.31214689
362, 0.00821170, 0.00950160, 0.33239171, 0.39830508, 0.28389831, 0.31497175
363, 0.00802123, 0.01040406, 0.33804143, 0.41101695, 0.27542373, 0.32768362
364, 0.00817886, 0.00885839, 0.33804143, 0.40960452, 0.28248588, 0.32203390
365, 0.00849858, 0.00933722, 0.34416196, 0.40819209, 0.28954802, 0.33474576
366, 0.00846172, 0.01119485, 0.34039548, 0.39830508, 0.29519774, 0.32768362
367, 0.00916676, 0.00987116, 0.33804143, 0.39548023, 0.29943503, 0.31920904
368, 0.00847043, 0.00950296, 0.32909605, 0.37853107, 0.29661017, 0.31214689
369, 0.00797273, 0.00944603, 0.34227872, 0.40254237, 0.30649718, 0.31779661
370, 0.00827048, 0.00930354, 0.34086629, 0.39406780, 0.30084746, 0.32768362
371, 0.00813857, 0.00868424, 0.34227872, 0.40536723, 0.29802260, 0.32344633
372, 0.00838552, 0.00900317, 0.34839925, 0.41242938, 0.31073446, 0.32203390
373, 0.00812443, 0.01179244, 0.34274953, 0.40395480, 0.30084746, 0.32344633
374, 0.00784315, 0.00885409, 0.34698682, 0.40960452, 0.31073446, 0.32062147
375, 0.00800962, 0.00885930, 0.34651601, 0.41384181, 0.29096045, 0.33474576
376, 0.00811860, 0.01015581, 0.33992467, 0.40819209, 0.29378531, 0.31779661
377, 0.00839479, 0.00921578, 0.34839925, 0.41101695, 0.30084746, 0.33333333
378, 0.00784396, 0.00846257, 0.34887006, 0.39971751, 0.32344633, 0.32344633
379, 0.00807131, 0.00928324, 0.34086629, 0.40395480, 0.30084746, 0.31779661
380, 0.00806036, 0.00948825, 0.35075330, 0.41666667, 0.31214689, 0.32344633
381, 0.00788820, 0.00826723, 0.34981168, 0.41525424, 0.30225989, 0.33192090
382, 0.00810016, 0.00895813, 0.33757062, 0.39689266, 0.29237288, 0.32344633
383, 0.00776800, 0.00898414, 0.34416196, 0.40254237, 0.30508475, 0.32485876
384, 0.00835752, 0.00924710, 0.34651601, 0.40677966, 0.31214689, 0.32062147
385, 0.00815715, 0.00858068, 0.34463277, 0.40677966, 0.30508475, 0.32203390
386, 0.00909576, 0.00996184, 0.33804143, 0.38276836, 0.29802260, 0.33333333
387, 0.00811248, 0.00873071, 0.34133710, 0.38418079, 0.30367232, 0.33615819
388, 0.00769686, 0.00920097, 0.33992467, 0.39124294, 0.29943503, 0.32909605
389, 0.00815287, 0.00998438, 0.34133710, 0.39830508, 0.30649718, 0.31920904
390, 0.00798476, 0.01024325, 0.33804143, 0.39406780, 0.29378531, 0.32627119
391, 0.00806259, 0.00827338, 0.34745763, 0.39124294, 0.30932203, 0.34180791
392, 0.00780141, 0.00860959, 0.34745763, 0.39830508, 0.30932203, 0.33474576
393, 0.00762991, 0.00933707, 0.34839925, 0.39548023, 0.30932203, 0.34039548
394, 0.00747840, 0.00890233, 0.34510358, 0.40254237, 0.30367232, 0.32909605
395, 0.00808580, 0.00904365, 0.34416196, 0.37853107, 0.32203390, 0.33192090
396, 0.00790342, 0.00853653, 0.34274953, 0.38559322, 0.31638418, 0.32627119
397, 0.00776325, 0.00938338, 0.34745763, 0.39971751, 0.31355932, 0.32909605
398, 0.00781452, 0.01022110, 0.34274953, 0.38983051, 0.31355932, 0.32485876
399, 0.00754934, 0.00954244, 0.34227872, 0.39830508, 0.30367232, 0.32485876
400, 0.00765422, 0.00939622, 0.34557439, 0.40112994, 0.30790960, 0.32768362
401, 0.00806034, 0.00930599, 0.34039548, 0.39406780, 0.30225989, 0.32485876
402, 0.00759881, 0.00972044, 0.33662900, 0.38135593, 0.29943503, 0.32909605
403, 0.00765712, 0.00892620, 0.34086629, 0.38135593, 0.30649718, 0.33474576
404, 0.00764049, 0.00850731, 0.33662900, 0.38983051, 0.29802260, 0.32203390
405, 0.00794738, 0.01092411, 0.33662900, 0.37429379, 0.30367232, 0.33192090
406, 0.00798443, 0.00941545, 0.33898305, 0.38841808, 0.30225989, 0.32627119
407, 0.00802290, 0.00868826, 0.34133710, 0.38700565, 0.30790960, 0.32909605
408, 0.00835164, 0.01486594, 0.33145009, 0.37429379, 0.29802260, 0.32203390
409, 0.00891895, 0.00925426, 0.33333333, 0.37853107, 0.29802260, 0.32344633
410, 0.00842112, 0.00949439, 0.34133710, 0.38841808, 0.31073446, 0.32485876
411, 0.00863219, 0.00971342, 0.33851224, 0.37570621, 0.31073446, 0.32909605
412, 0.00799649, 0.00871922, 0.33992467, 0.37288136, 0.30508475, 0.34180791
413, 0.00801662, 0.00887600, 0.34745763, 0.40112994, 0.30508475, 0.33615819
414, 0.00807303, 0.00915750, 0.34604520, 0.39971751, 0.31214689, 0.32627119
415, 0.00826837, 0.00847219, 0.33615819, 0.38841808, 0.30367232, 0.31638418
416, 0.00803645, 0.00984602, 0.34133710, 0.39689266, 0.30932203, 0.31779661
417, 0.00848208, 0.00976331, 0.33427495, 0.38841808, 0.29096045, 0.32344633
418, 0.00836817, 0.00888772, 0.33568738, 0.38841808, 0.30225989, 0.31638418
419, 0.00821082, 0.00889204, 0.33662900, 0.39265537, 0.29943503, 0.31779661
420, 0.00822303, 0.01010041, 0.34133710, 0.39548023, 0.30225989, 0.32627119
421, 0.00792838, 0.00948044, 0.34510358, 0.39689266, 0.31779661, 0.32062147
422, 0.00851752, 0.00902460, 0.35310734, 0.41242938, 0.32768362, 0.31920904
423, 0.00832691, 0.00855885, 0.34039548, 0.40677966, 0.30649718, 0.30790960
424, 0.00813180, 0.00865106, 0.33521657, 0.40395480, 0.29943503, 0.30225989
425, 0.00813146, 0.00952600, 0.33898305, 0.39971751, 0.30084746, 0.31638418
426, 0.00792613, 0.00861264, 0.33568738, 0.38276836, 0.31073446, 0.31355932
427, 0.00840458, 0.00947592, 0.33851224, 0.38983051, 0.30790960, 0.31779661
428, 0.00813733, 0.00953888, 0.34369115, 0.40536723, 0.30932203, 0.31638418
429, 0.00796318, 0.00971932, 0.33145009, 0.39548023, 0.28531073, 0.31355932
430, 0.00772613, 0.00900935, 0.32956685, 0.39265537, 0.28107345, 0.31497175
431, 0.00776241, 0.00885834, 0.34039548, 0.40395480, 0.29802260, 0.31920904
432, 0.00768479, 0.00928986, 0.34227872, 0.41949153, 0.29237288, 0.31497175
433, 0.00769186, 0.00859394, 0.33945386, 0.41101695, 0.29802260, 0.30932203
434, 0.00794518, 0.01083016, 0.34086629, 0.40677966, 0.29943503, 0.31638418
435, 0.00814937, 0.00952182, 0.33192090, 0.39971751, 0.28531073, 0.31073446
436, 0.00762307, 0.00820012, 0.32956685, 0.39830508, 0.27683616, 0.31355932
437, 0.00773194, 0.00918372, 0.33380414, 0.40254237, 0.28107345, 0.31779661
438, 0.00788530, 0.00894178, 0.34227872, 0.39830508, 0.30225989, 0.32627119
439, 0.00775024, 0.00868316, 0.34274953, 0.40395480, 0.30084746, 0.32344633
440, 0.00812904, 0.00942895, 0.34133710, 0.39971751, 0.30932203, 0.31497175
441, 0.00737831, 0.00894884, 0.34180791, 0.39265537, 0.31497175, 0.31779661
442, 0.00792791, 0.01092733, 0.33898305, 0.39689266, 0.30367232, 0.31638418
443, 0.00780024, 0.00880513, 0.33804143, 0.38418079, 0.31779661, 0.31214689
444, 0.00772627, 0.00864354, 0.33757062, 0.39548023, 0.30367232, 0.31355932
445, 0.00812425, 0.00837728, 0.33709981, 0.39124294, 0.29519774, 0.32485876
446, 0.00800446, 0.00964495, 0.34463277, 0.40112994, 0.30508475, 0.32768362
447, 0.00774601, 0.00929740, 0.35451977, 0.41242938, 0.32062147, 0.33050847
448, 0.00781719, 0.00944356, 0.34322034, 0.40112994, 0.30508475, 0.32344633
449, 0.00822920, 0.00999252, 0.35263653, 0.41101695, 0.30649718, 0.34039548
450, 0.00802244, 0.00862688, 0.34557439, 0.39689266, 0.31073446, 0.32909605
451, 0.00808611, 0.00856602, 0.33757062, 0.38841808, 0.28954802, 0.33474576
452, 0.00791668, 0.00864395, 0.33709981, 0.38700565, 0.29802260, 0.32627119
453, 0.00734924, 0.00885697, 0.34133710, 0.39548023, 0.29943503, 0.32909605
454, 0.00801209, 0.00866520, 0.33898305, 0.39406780, 0.29943503, 0.32344633
455, 0.00801144, 0.00813124, 0.34369115, 0.39971751, 0.31073446, 0.32062147
456, 0.00780233, 0.00903696, 0.34887006, 0.40677966, 0.31073446, 0.32909605
457, 0.00760631, 0.00825578, 0.34510358, 0.40112994, 0.31638418, 0.31779661
458, 0.00768413, 0.00855870, 0.34887006, 0.41101695, 0.31779661, 0.31779661
459, 0.00767993, 0.00950108, 0.34274953, 0.40254237, 0.31638418, 0.30932203
460, 0.00780374, 0.00979052, 0.34274953, 0.40960452, 0.30649718, 0.31214689
461, 0.00824397, 0.00863095, 0.34416196, 0.39830508, 0.30508475, 0.32909605
462, 0.00779415, 0.00883405, 0.33945386, 0.40536723, 0.29378531, 0.31920904
463, 0.00750047, 0.00935711, 0.33615819, 0.39265537, 0.29661017, 0.31920904
464, 0.00796795, 0.00886403, 0.33568738, 0.39124294, 0.29378531, 0.32203390
465, 0.00760726, 0.00861489, 0.33851224, 0.39124294, 0.30084746, 0.32344633
466, 0.00815303, 0.00850213, 0.33804143, 0.38983051, 0.30084746, 0.32344633
467, 0.00802184, 0.00830955, 0.34039548, 0.37994350, 0.30790960, 0.33333333
468, 0.00766395, 0.01008177, 0.34180791, 0.37146893, 0.31638418, 0.33757062
469, 0.00845593, 0.00894305, 0.34745763, 0.39406780, 0.32344633, 0.32485876
470, 0.00811306, 0.00889832, 0.35734463, 0.40112994, 0.32768362, 0.34322034
471, 0.00853915, 0.00833166, 0.35499058, 0.40112994, 0.31497175, 0.34887006
472, 0.00817134, 0.00818345, 0.34604520, 0.37711864, 0.32768362, 0.33333333
473, 0.00815528, 0.01063240, 0.35075330, 0.39265537, 0.31920904, 0.34039548
474, 0.00776510, 0.00863543, 0.34039548, 0.38559322, 0.31638418, 0.31920904
475, 0.00791563, 0.00833128, 0.34227872, 0.39265537, 0.30932203, 0.32485876
476, 0.00757133, 0.00943712, 0.33945386, 0.39265537, 0.30508475, 0.32062147
477, 0.00765931, 0.00815521, 0.34934087, 0.39406780, 0.31073446, 0.34322034
478, 0.00728188, 0.00914134, 0.34698682, 0.39265537, 0.31214689, 0.33615819
479, 0.00782413, 0.00928720, 0.34416196, 0.40112994, 0.30508475, 0.32627119
480, 0.00801564, 0.00834562, 0.33333333, 0.38418079, 0.30084746, 0.31497175
481, 0.00779751, 0.00871590, 0.33521657, 0.39124294, 0.29237288, 0.32203390
482, 0.00849827, 0.00905752, 0.34039548, 0.40112994, 0.29943503, 0.32062147
483, 0.00771488, 0.00880654, 0.33992467, 0.39971751, 0.29943503, 0.32062147
484, 0.00788542, 0.00854428, 0.34227872, 0.39971751, 0.29802260, 0.32909605
485, 0.00752472, 0.00942019, 0.34416196, 0.39971751, 0.29943503, 0.33333333
486, 0.00788186, 0.00923256, 0.33898305, 0.39971751, 0.28107345, 0.33615819
487, 0.00788185, 0.00938532, 0.34133710, 0.39548023, 0.29378531, 0.33474576
488, 0.00773275, 0.00980366, 0.33945386, 0.38983051, 0.28954802, 0.33898305
489, 0.00789010, 0.00919931, 0.34180791, 0.39689266, 0.29378531, 0.33474576
490, 0.00769866, 0.01569728, 0.33145009, 0.38418079, 0.28389831, 0.32627119
491, 0.00797498, 0.00900024, 0.34651601, 0.41525424, 0.29096045, 0.33333333
492, 0.00761049, 0.00945566, 0.33662900, 0.39971751, 0.27966102, 0.33050847
493, 0.00756393, 0.00981273, 0.34274953, 0.40112994, 0.28672316, 0.34039548
494, 0.00741670, 0.00884726, 0.34180791, 0.40112994, 0.29378531, 0.33050847
495, 0.00777338, 0.01099529, 0.33992467, 0.39971751, 0.30084746, 0.31920904
496, 0.00802123, 0.00915659, 0.33757062, 0.38559322, 0.29519774, 0.33192090
497, 0.00759869, 0.00949226, 0.33992467, 0.39830508, 0.29519774, 0.32627119
498, 0.00764584, 0.00859252, 0.33521657, 0.39548023, 0.28389831, 0.32627119
499, 0.00773257, 0.00927519, 0.33380414, 0.39689266, 0.28248588, 0.32203390
500, 0.00770149, 0.00917243, 0.33568738, 0.39689266, 0.29096045, 0.31920904
